28 0.2956730769230769 0.6286057692307693 0.16346153846153846 0.20432692307692307
28 0.6298076923076923 0.49759615384615385 0.1346153846153846 0.16346153846153846
28 0.36778846153846156 0.234375 0.10576923076923077 0.1466346153846154
28 0.4879807692307692 0.10336538461538461 0.13942307692307693 0.1346153846153846
28 0.6274038461538461 0.3161057692307692 0.11538461538461539 0.13701923076923078
28 0.07091346153846154 0.22596153846153846 0.12259615384615384 0.13942307692307693
28 0.22115384615384615 0.4254807692307692 0.13942307692307693 0.11538461538461539
28 0.8004807692307693 0.8533653846153846 0.11057692307692307 0.11057692307692307
28 0.6286057692307693 0.15384615384615385 0.07932692307692307 0.10096153846153846
28 0.5564903846153846 0.9591346153846154 0.13701923076923078 0.07692307692307693
28 0.33052884615384615 0.06370192307692307 0.10817307692307693 0.12740384615384615
28 0.3293269230769231 0.7944711538461539 0.11538461538461539 0.19471153846153846
28 0.5480769230769231 0.18629807692307693 0.09134615384615384 0.13221153846153846