10 0.3545673076923077 0.5324519230769231 0.12740384615384615 0.33413461538461536
10 0.2800480769230769 0.1622596153846154 0.13221153846153846 0.31971153846153844
10 0.6730769230769231 0.15865384615384615 0.20673076923076922 0.30288461538461536
10 0.8942307692307693 0.1935096153846154 0.16346153846153846 0.35336538461538464
10 0.9074519230769231 0.6646634615384616 0.11778846153846154 0.25721153846153844
10 0.22596153846153846 0.47716346153846156 0.25961538461538464 0.25240384615384615
10 0.4699519230769231 0.8293269230769231 0.09375 0.07211538461538461
10 0.2536057692307692 0.8185096153846154 0.11778846153846154 0.07932692307692307
10 0.4495192307692308 0.9627403846153846 0.1201923076923077 0.06971153846153846
10 0.6802884615384616 0.9170673076923077 0.04807692307692308 0.08413461538461539
10 0.09375 0.8485576923076923 0.07692307692307693 0.11538461538461539
10 0.5841346153846154 0.8834134615384616 0.11538461538461539 0.06490384615384616
10 0.6502403846153846 0.7560096153846154 0.0889423076923077 0.08413461538461539
10 0.7067307692307693 0.7704326923076923 0.052884615384615384 0.0985576923076923
10 0.765625 0.7572115384615384 0.10817307692307693 0.09134615384615384
10 0.8858173076923077 0.8197115384615384 0.0889423076923077 0.07692307692307693
10 0.9314903846153846 0.9014423076923077 0.06009615384615385 0.10096153846153846
10 0.8966346153846154 0.9567307692307693 0.0673076923076923 0.08173076923076923
10 0.33052884615384615 0.8966346153846154 0.07932692307692307 0.09615384615384616
10 0.11778846153846154 0.7259615384615384 0.125 0.052884615384615384
10 0.08533653846153846 0.2692307692307692 0.11778846153846154 0.16346153846153846