10 0.3473557692307692 0.5276442307692307 0.09375 0.38221153846153844
10 0.5997596153846154 0.7920673076923077 0.10817307692307693 0.40625
10 0.6754807692307693 0.7620192307692307 0.07692307692307693 0.47115384615384615
10 0.7884615384615384 0.7836538461538461 0.16826923076923078 0.42788461538461536
10 0.8449519230769231 0.7475961538461539 0.11778846153846154 0.3076923076923077
10 0.7307692307692307 0.453125 0.25961538461538464 0.20432692307692307
10 0.9170673076923077 0.3269230769230769 0.16105769230769232 0.13942307692307693
10 0.2439903846153846 0.5240384615384616 0.10336538461538461 0.5625
10 0.42788461538461536 0.6394230769230769 0.11538461538461539 0.3125
10 0.125 0.3485576923076923 0.13942307692307693 0.2403846153846154
10 0.5072115384615384 0.4050480769230769 0.23557692307692307 0.17067307692307693
10 0.5132211538461539 0.7668269230769231 0.05048076923076923 0.33653846153846156
10 0.4675480769230769 0.2956730769230769 0.24759615384615385 0.17307692307692307
10 0.3629807692307692 0.10096153846153846 0.07692307692307693 0.16346153846153846