21 0.7427884615384616 0.6574519230769231 0.12980769230769232 0.21394230769230768
21 0.5504807692307693 0.7920673076923077 0.11057692307692307 0.16105769230769232
21 0.5925480769230769 0.5757211538461539 0.1658653846153846 0.1466346153846154
21 0.38100961538461536 0.7536057692307693 0.12259615384615384 0.16105769230769232
21 0.10096153846153846 0.4170673076923077 0.1201923076923077 0.16105769230769232
21 0.7199519230769231 0.12259615384615384 0.0985576923076923 0.125
21 0.6201923076923077 0.07572115384615384 0.09134615384615384 0.1466346153846154
21 0.3954326923076923 0.5396634615384616 0.11778846153846154 0.18990384615384615
21 0.1971153846153846 0.5444711538461539 0.10096153846153846 0.2091346153846154
21 0.49278846153846156 0.8401442307692307 0.11057692307692307 0.20432692307692307
21 0.6634615384615384 0.7079326923076923 0.08653846153846154 0.12259615384615384
21 0.6442307692307693 0.46274038461538464 0.08653846153846154 0.06490384615384616
21 0.06370192307692307 0.296875 0.11778846153846154 0.13701923076923078
21 0.24639423076923078 0.7560096153846154 0.11778846153846154 0.08413461538461539