8 0.3317307692307692 0.6153846153846154 0.19230769230769232 0.7644230769230769
8 0.5757211538461539 0.35096153846153844 0.2764423076923077 0.6009615384615384
8 0.7776442307692307 0.5721153846153846 0.2620192307692308 0.2980769230769231
8 0.8834134615384616 0.3161057692307692 0.13221153846153846 0.5456730769230769
8 0.22956730769230768 0.5709134615384616 0.15625 0.7956730769230769
8 0.49278846153846156 0.32211538461538464 0.1201923076923077 0.6105769230769231
8 0.0733173076923077 0.5 0.11778846153846154 0.9951923076923077
8 0.5877403846153846 0.8665865384615384 0.3004807692307692 0.2620192307692308
8 0.7788461538461539 0.90625 0.1971153846153846 0.14423076923076922
8 0.39783653846153844 0.7548076923076923 0.08413461538461539 0.4855769230769231
8 0.3581730769230769 0.23918269230769232 0.08653846153846154 0.4735576923076923
8 0.9483173076923077 0.6754807692307693 0.0985576923076923 0.3798076923076923
8 0.7680288461538461 0.3954326923076923 0.10817307692307693 0.3389423076923077
8 0.7728365384615384 0.25961538461538464 0.13701923076923078 0.4326923076923077