10 0.5757211538461539 0.5673076923076923 0.07932692307692307 0.14423076923076922
10 0.6598557692307693 0.5769230769230769 0.040865384615384616 0.1201923076923077
10 0.8545673076923077 0.7391826923076923 0.07932692307692307 0.15144230769230768
10 0.6995192307692307 0.7319711538461539 0.052884615384615384 0.13701923076923078
10 0.32572115384615385 0.7800480769230769 0.15144230769230768 0.07932692307692307
10 0.5324519230769231 0.8930288461538461 0.06009615384615385 0.1466346153846154
10 0.328125 0.6225961538461539 0.06490384615384616 0.10096153846153846
10 0.3233173076923077 0.3870192307692308 0.04567307692307692 0.11057692307692307
10 0.2692307692307692 0.41947115384615385 0.0625 0.12740384615384615
10 0.23076923076923078 0.6225961538461539 0.10096153846153846 0.08653846153846154
10 0.6394230769230769 0.4026442307692308 0.03365384615384615 0.0985576923076923
10 0.7259615384615384 0.16466346153846154 0.04807692307692308 0.10336538461538461
10 0.37740384615384615 0.24759615384615385 0.038461538461538464 0.09134615384615384
10 0.3894230769230769 0.8257211538461539 0.0625 0.13701923076923078