25 0.8293269230769231 0.19110576923076922 0.07692307692307693 0.06490384615384616
25 0.8293269230769231 0.09735576923076923 0.09134615384615384 0.04567307692307692
25 0.6442307692307693 0.16466346153846154 0.08173076923076923 0.026442307692307692
25 0.2980769230769231 0.1466346153846154 0.0625 0.04326923076923077
25 0.3449519230769231 0.17067307692307693 0.07932692307692307 0.038461538461538464
25 0.5793269230769231 0.5252403846153846 0.09134615384615384 0.026442307692307692
25 0.5024038461538461 0.5456730769230769 0.07211538461538461 0.028846153846153848
25 0.5540865384615384 0.33413461538461536 0.04567307692307692 0.038461538461538464
25 0.7487980769230769 0.3137019230769231 0.08413461538461539 0.03125
25 0.34975961538461536 0.20793269230769232 0.07932692307692307 0.021634615384615384
25 0.6526442307692307 0.23677884615384615 0.04567307692307692 0.03125
25 0.9326923076923077 0.2764423076923077 0.04807692307692308 0.052884615384615384
25 0.9086538461538461 0.203125 0.0625 0.036057692307692304
25 0.9122596153846154 0.09375 0.055288461538461536 0.038461538461538464
25 0.24278846153846154 0.078125 0.04326923076923077 0.055288461538461536
25 0.34134615384615385 0.08774038461538461 0.0625 0.05048076923076923
25 0.5360576923076923 0.09975961538461539 0.052884615384615384 0.040865384615384616
25 0.2620192307692308 0.36778846153846156 0.0673076923076923 0.028846153846153848
25 0.29447115384615385 0.27524038461538464 0.06971153846153846 0.055288461538461536
25 0.38341346153846156 0.2860576923076923 0.07451923076923077 0.028846153846153848
25 0.35336538461538464 0.2536057692307692 0.0625 0.05048076923076923
25 0.6177884615384616 0.3004807692307692 0.057692307692307696 0.03365384615384615
25 0.8689903846153846 0.5925480769230769 0.11778846153846154 0.040865384615384616
25 0.8689903846153846 0.5492788461538461 0.07451923076923077 0.036057692307692304
25 0.8449519230769231 0.484375 0.09375 0.036057692307692304
25 0.8689903846153846 0.41947115384615385 0.09375 0.055288461538461536
25 0.7668269230769231 0.3737980769230769 0.0673076923076923 0.06009615384615385
25 0.7163461538461539 0.41225961538461536 0.08653846153846154 0.03125
25 0.1622596153846154 0.5180288461538461 0.04567307692307692 0.07451923076923077
25 0.33052884615384615 0.5444711538461539 0.11298076923076923 0.05048076923076923
25 0.36899038461538464 0.5709134615384616 0.10336538461538461 0.04567307692307692
25 0.40024038461538464 0.4795673076923077 0.10817307692307693 0.040865384615384616
25 0.2644230769230769 0.47716346153846156 0.1201923076923077 0.05048076923076923
25 0.421875 0.41225961538461536 0.05048076923076923 0.040865384615384616
25 0.38100961538461536 0.3858173076923077 0.040865384615384616 0.04567307692307692
25 0.4326923076923077 0.3401442307692308 0.0673076923076923 0.026442307692307692
25 0.49278846153846156 0.32572115384615385 0.04807692307692308 0.04567307692307692
25 0.4735576923076923 0.36538461538461536 0.057692307692307696 0.03365384615384615
25 0.5276442307692307 0.44350961538461536 0.08413461538461539 0.036057692307692304
25 0.6033653846153846 0.43149038461538464 0.0625 0.040865384615384616
25 0.6322115384615384 0.46274038461538464 0.08173076923076923 0.03125
25 0.5384615384615384 0.4735576923076923 0.10576923076923077 0.028846153846153848