10 0.15384615384615385 0.5120192307692307 0.0625 0.10576923076923077
10 0.22956730769230768 0.59375 0.055288461538461536 0.11057692307692307
10 0.3076923076923077 0.7391826923076923 0.0625 0.11298076923076923
10 0.5240384615384616 0.6538461538461539 0.038461538461538464 0.08173076923076923
10 0.5276442307692307 0.7584134615384616 0.04567307692307692 0.11298076923076923
10 0.7199519230769231 0.7403846153846154 0.05048076923076923 0.11057692307692307
10 0.7836538461538461 0.6274038461538461 0.04326923076923077 0.09134615384615384
10 0.5853365384615384 0.3449519230769231 0.0889423076923077 0.04567307692307692
10 0.49278846153846156 0.3701923076923077 0.08173076923076923 0.08173076923076923
10 0.4831730769230769 0.21394230769230768 0.057692307692307696 0.07211538461538461
10 0.27524038461538464 0.3137019230769231 0.055288461538461536 0.06971153846153846
10 0.328125 0.4483173076923077 0.036057692307692304 0.06971153846153846
10 0.6899038461538461 0.2668269230769231 0.038461538461538464 0.11057692307692307
10 0.640625 0.3329326923076923 0.06971153846153846 0.0985576923076923
10 0.6670673076923077 0.5084134615384616 0.055288461538461536 0.07451923076923077
10 0.5396634615384616 0.5985576923076923 0.04567307692307692 0.09134615384615384
10 0.5504807692307693 0.4519230769230769 0.04807692307692308 0.07692307692307693
10 0.421875 0.5024038461538461 0.05048076923076923 0.0673076923076923
10 0.3858173076923077 0.20552884615384615 0.06490384615384616 0.06490384615384616
10 0.7788461538461539 0.25721153846153844 0.052884615384615384 0.07211538461538461
10 0.6935096153846154 0.6298076923076923 0.0889423076923077 0.0625
10 0.22355769230769232 0.15264423076923078 0.10576923076923077 0.05048076923076923