5 0.46634615384615385 0.6514423076923077 0.2548076923076923 0.25
5 0.30288461538461536 0.5985576923076923 0.21153846153846154 0.22115384615384615
5 0.7331730769230769 0.6526442307692307 0.2980769230769231 0.3004807692307692
5 0.8305288461538461 0.5637019230769231 0.17067307692307693 0.2956730769230769
5 0.14903846153846154 0.4831730769230769 0.20192307692307693 0.14423076923076922
5 0.31850961538461536 0.45072115384615385 0.15625 0.13701923076923078
5 0.26802884615384615 0.2764423076923077 0.12259615384615384 0.10096153846153846
5 0.2608173076923077 0.140625 0.1658653846153846 0.10336538461538461
5 0.051682692307692304 0.7163461538461539 0.10336538461538461 0.23076923076923078
5 0.18870192307692307 0.7055288461538461 0.19471153846153846 0.25721153846153844
5 0.12139423076923077 0.19951923076923078 0.16105769230769232 0.13942307692307693