10 0.44711538461538464 0.4699519230769231 0.23557692307692307 0.5216346153846154
10 0.8076923076923077 0.43149038461538464 0.10096153846153846 0.31971153846153844
10 0.6418269230769231 0.7163461538461539 0.30288461538461536 0.25961538461538464
10 0.5360576923076923 0.9074519230769231 0.34134615384615385 0.18028846153846154
10 0.19831730769230768 0.7271634615384616 0.31009615384615385 0.18028846153846154
10 0.49759615384615385 0.7800480769230769 0.14423076923076922 0.43509615384615385
10 0.8004807692307693 0.7728365384615384 0.11538461538461539 0.24759615384615385
10 0.2800480769230769 0.10576923076923077 0.49759615384615385 0.20192307692307693
10 0.7728365384615384 0.10817307692307693 0.4495192307692308 0.14903846153846154
10 0.2512019230769231 0.3233173076923077 0.37259615384615385 0.19951923076923078
10 0.24158653846153846 0.5757211538461539 0.27163461538461536 0.2860576923076923