5 0.328125 0.5757211538461539 0.18990384615384615 0.25721153846153844
5 0.5516826923076923 0.26322115384615385 0.31009615384615385 0.15144230769230768
5 0.7091346153846154 0.39302884615384615 0.09615384615384616 0.16105769230769232
5 0.7848557692307693 0.546875 0.13701923076923078 0.19951923076923078
5 0.9326923076923077 0.6057692307692307 0.11057692307692307 0.10576923076923077
5 0.6454326923076923 0.7235576923076923 0.25721153846153844 0.30288461538461536
5 0.23918269230769232 0.8786057692307693 0.17067307692307693 0.23798076923076922
5 0.18629807692307693 0.2932692307692308 0.13701923076923078 0.1971153846153846
5 0.40865384615384615 0.17067307692307693 0.2644230769230769 0.18269230769230768
5 0.4423076923076923 0.6995192307692307 0.23076923076923078 0.28365384615384615
5 0.23317307692307693 0.5180288461538461 0.1201923076923077 0.19951923076923078
5 0.17067307692307693 0.6574519230769231 0.1971153846153846 0.12259615384615384
5 0.578125 0.49759615384615385 0.3004807692307692 0.15865384615384615
5 0.7127403846153846 0.3918269230769231 0.12259615384615384 0.18269230769230768
5 0.828125 0.24158653846153846 0.18028846153846154 0.18509615384615385
5 0.8858173076923077 0.34134615384615385 0.22355769230769232 0.12980769230769232
5 0.4098557692307692 0.1658653846153846 0.25240384615384615 0.16826923076923078
5 0.6887019230769231 0.057692307692307696 0.0985576923076923 0.11057692307692307