16 0.4170673076923077 0.8509615384615384 0.0985576923076923 0.1201923076923077
16 0.3245192307692308 0.8737980769230769 0.10576923076923077 0.11778846153846154
16 0.7620192307692307 0.5733173076923077 0.09134615384615384 0.11778846153846154
16 0.40625 0.43028846153846156 0.08653846153846154 0.1875
16 0.375 0.5564903846153846 0.10096153846153846 0.13221153846153846
16 0.20432692307692307 0.4362980769230769 0.09134615384615384 0.18990384615384615
16 0.265625 0.5600961538461539 0.10817307692307693 0.11538461538461539
16 0.8353365384615384 0.12620192307692307 0.09375 0.19951923076923078
16 0.6045673076923077 0.1310096153846154 0.09375 0.20432692307692307
16 0.43149038461538464 0.234375 0.11778846153846154 0.13221153846153846
16 0.3641826923076923 0.12379807692307693 0.0985576923076923 0.19951923076923078
16 0.30649038461538464 0.23798076923076922 0.11778846153846154 0.12980769230769232
16 0.20072115384615385 0.23197115384615385 0.10336538461538461 0.12259615384615384
16 0.14783653846153846 0.12139423076923077 0.0985576923076923 0.18028846153846154
16 0.09014423076923077 0.24158653846153846 0.12259615384615384 0.13701923076923078