1 0.27884615384615385 0.7884615384615384 0.22115384615384615 0.4182692307692308
1 0.47596153846153844 0.21153846153846154 0.24519230769230768 0.3557692307692308
1 0.8245192307692307 0.32572115384615385 0.20673076923076922 0.2283653846153846
1 0.8317307692307693 0.5865384615384616 0.21153846153846154 0.19230769230769232
1 0.765625 0.7115384615384616 0.19471153846153846 0.20673076923076922
1 0.6033653846153846 0.8870192307692307 0.15384615384615385 0.22115384615384615
1 0.9435096153846154 0.8305288461538461 0.10817307692307693 0.29086538461538464
1 0.11177884615384616 0.4483173076923077 0.21875 0.25721153846153844
1 0.21514423076923078 0.49278846153846156 0.1466346153846154 0.22596153846153846
1 0.25841346153846156 0.3545673076923077 0.15144230769230768 0.13701923076923078
1 0.8016826923076923 0.171875 0.24278846153846154 0.21394230769230768
1 0.6165865384615384 0.20552884615384615 0.10336538461538461 0.25240384615384615