25 0.6057692307692307 0.7596153846153846 0.07692307692307693 0.16346153846153846
25 0.4254807692307692 0.5036057692307693 0.08653846153846154 0.13221153846153846
25 0.8425480769230769 0.8617788461538461 0.0985576923076923 0.27163461538461536
25 0.8798076923076923 0.7247596153846154 0.12980769230769232 0.08413461538461539
25 0.8100961538461539 0.5757211538461539 0.11538461538461539 0.06971153846153846
25 0.22596153846153846 0.47716346153846156 0.125 0.19951923076923078
25 0.07932692307692307 0.8425480769230769 0.1346153846153846 0.28125
25 0.20552884615384615 0.6790865384615384 0.06009615384615385 0.07932692307692307
25 0.23798076923076922 0.8064903846153846 0.08653846153846154 0.2091346153846154
25 0.30649038461538464 0.6622596153846154 0.07932692307692307 0.08413461538461539
25 0.35336538461538464 0.6322115384615384 0.10576923076923077 0.10576923076923077
25 0.4338942307692308 0.8497596153846154 0.10336538461538461 0.28125
25 0.7247596153846154 0.7860576923076923 0.0985576923076923 0.27403846153846156