4 0.5877403846153846 0.3076923076923077 0.10817307692307693 0.30288461538461536
4 0.7692307692307693 0.1658653846153846 0.11057692307692307 0.25961538461538464
4 0.3762019230769231 0.6766826923076923 0.07451923076923077 0.0985576923076923
4 0.41466346153846156 0.40024038461538464 0.09375 0.15144230769230768
4 0.59375 0.5192307692307693 0.08653846153846154 0.1875
4 0.6201923076923077 0.7115384615384616 0.09615384615384616 0.1971153846153846
4 0.6129807692307693 0.8737980769230769 0.07692307692307693 0.18028846153846154
4 0.7007211538461539 0.8365384615384616 0.07932692307692307 0.20673076923076922
4 0.2848557692307692 0.7716346153846154 0.0889423076923077 0.1971153846153846
4 0.48197115384615385 0.7463942307692307 0.09375 0.23317307692307693
4 0.4987980769230769 0.8942307692307693 0.10336538461538461 0.16346153846153846