22 0.4639423076923077 0.6442307692307693 0.0625 0.2548076923076923
22 0.27403846153846156 0.6237980769230769 0.057692307692307696 0.1466346153846154
22 0.09375 0.578125 0.057692307692307696 0.25721153846153844
22 0.3161057692307692 0.18990384615384615 0.06009615384615385 0.04326923076923077
22 0.9098557692307693 0.7391826923076923 0.10336538461538461 0.29086538461538464
22 0.9002403846153846 0.42788461538461536 0.05048076923076923 0.125
22 0.7271634615384616 0.6766826923076923 0.055288461538461536 0.18028846153846154
22 0.7115384615384616 0.7824519230769231 0.07692307692307693 0.10817307692307693
22 0.7752403846153846 0.8605769230769231 0.055288461538461536 0.1875
22 0.6838942307692307 0.484375 0.10336538461538461 0.23317307692307693
22 0.8677884615384616 0.6887019230769231 0.04807692307692308 0.18509615384615385
22 0.7415865384615384 0.39663461538461536 0.07451923076923077 0.16346153846153846
22 0.14302884615384615 0.3245192307692308 0.06490384615384616 0.125
22 0.4411057692307692 0.4483173076923077 0.06490384615384616 0.22355769230769232
22 0.3701923076923077 0.5901442307692307 0.07692307692307693 0.2091346153846154
22 0.8954326923076923 0.5564903846153846 0.12259615384615384 0.13701923076923078
22 0.609375 0.3858173076923077 0.08413461538461539 0.18990384615384615