14 0.3016826923076923 0.6706730769230769 0.11298076923076923 0.15865384615384615
14 0.5432692307692307 0.6959134615384616 0.14423076923076922 0.21394230769230768
14 0.5504807692307693 0.5228365384615384 0.12980769230769232 0.11778846153846154
14 0.421875 0.4326923076923077 0.11778846153846154 0.13942307692307693
14 0.3449519230769231 0.43149038461538464 0.06009615384615385 0.0985576923076923
14 0.2848557692307692 0.4230769230769231 0.07451923076923077 0.125
14 0.23798076923076922 0.5444711538461539 0.1201923076923077 0.15625
14 0.5661057692307693 0.40625 0.11778846153846154 0.10096153846153846
14 0.515625 0.33413461538461536 0.06971153846153846 0.13942307692307693
14 0.5961538461538461 0.31850961538461536 0.09134615384615384 0.12740384615384615
14 0.7355769230769231 0.328125 0.125 0.11298076923076923
14 0.7572115384615384 0.41586538461538464 0.14423076923076922 0.09134615384615384
14 0.8353365384615384 0.3545673076923077 0.06971153846153846 0.07932692307692307
14 0.7536057692307693 0.5588942307692307 0.15625 0.10336538461538461
14 0.8557692307692307 0.5697115384615384 0.07211538461538461 0.10576923076923077
14 0.8353365384615384 0.6923076923076923 0.0985576923076923 0.15865384615384615
14 0.47475961538461536 0.8329326923076923 0.18509615384615385 0.17067307692307693
14 0.2980769230769231 0.8341346153846154 0.1778846153846154 0.17307692307692307
14 0.11538461538461539 0.6911057692307693 0.11057692307692307 0.14182692307692307
14 0.07451923076923077 0.5697115384615384 0.09134615384615384 0.11057692307692307