3 0.734375 0.6766826923076923 0.24278846153846154 0.6081730769230769
3 0.4567307692307692 0.3449519230769231 0.2644230769230769 0.3389423076923077
3 0.3293269230769231 0.15745192307692307 0.34615384615384615 0.2620192307692308
3 0.09615384615384616 0.4014423076923077 0.1875 0.32211538461538464
3 0.296875 0.7415865384615384 0.21394230769230768 0.5120192307692307
3 0.4855769230769231 0.8269230769230769 0.1971153846153846 0.34134615384615385
3 0.5625 0.6262019230769231 0.1971153846153846 0.37259615384615385
3 0.9038461538461539 0.7860576923076923 0.14903846153846154 0.4230769230769231
3 0.8677884615384616 0.5204326923076923 0.1971153846153846 0.37259615384615385
3 0.765625 0.2608173076923077 0.18990384615384615 0.19471153846153846
3 0.5949519230769231 0.11778846153846154 0.17067307692307693 0.1201923076923077