3 0.49399038461538464 0.53125 0.17067307692307693 0.20192307692307693
3 0.7776442307692307 0.5540865384615384 0.3485576923076923 0.09375
3 0.875 0.47115384615384615 0.24519230769230768 0.16826923076923078
3 0.7896634615384616 0.7379807692307693 0.24278846153846154 0.28846153846153844
3 0.23317307692307693 0.6658653846153846 0.33653846153846156 0.14423076923076922
3 0.32572115384615385 0.5228365384615384 0.27163461538461536 0.12259615384615384
3 0.39903846153846156 0.36778846153846156 0.25961538461538464 0.125
3 0.5685096153846154 0.3293269230769231 0.16105769230769232 0.13942307692307693
3 0.7055288461538461 0.27403846153846156 0.12259615384615384 0.1875
3 0.8377403846153846 0.13942307692307693 0.11778846153846154 0.22596153846153846
3 0.5685096153846154 0.14182692307692307 0.15625 0.19230769230769232
3 0.21153846153846154 0.3449519230769231 0.27884615384615385 0.10336538461538461
3 0.18990384615384615 0.4375 0.28365384615384615 0.0673076923076923