5 0.5685096153846154 0.6694711538461539 0.19471153846153846 0.25240384615384615
5 0.7548076923076923 0.7560096153846154 0.32211538461538464 0.11778846153846154
5 0.11538461538461539 0.609375 0.20673076923076922 0.15625
5 0.3112980769230769 0.6189903846153846 0.15625 0.24759615384615385
5 0.3870192307692308 0.7487980769230769 0.13942307692307693 0.2283653846153846
5 0.6141826923076923 0.27403846153846156 0.17548076923076922 0.27403846153846156
5 0.7451923076923077 0.11538461538461539 0.3076923076923077 0.10576923076923077
5 0.8545673076923077 0.19110576923076922 0.27163461538461536 0.0985576923076923
5 0.7608173076923077 0.2644230769230769 0.14182692307692307 0.16826923076923078
5 0.15144230769230768 0.14903846153846154 0.1778846153846154 0.1778846153846154
5 0.3641826923076923 0.17548076923076922 0.17067307692307693 0.27884615384615385
5 0.39302884615384615 0.30649038461538464 0.1658653846153846 0.22355769230769232
5 0.2091346153846154 0.37740384615384615 0.2932692307692308 0.14903846153846154