5 0.421875 0.22596153846153846 0.16105769230769232 0.2980769230769231
5 0.375 0.43149038461538464 0.15384615384615385 0.2668269230769231
5 0.44471153846153844 0.5036057692307693 0.11538461538461539 0.1658653846153846
5 0.7836538461538461 0.6995192307692307 0.1778846153846154 0.34134615384615385
5 0.625 0.8293269230769231 0.17307692307692307 0.22115384615384615
5 0.28365384615384615 0.6394230769230769 0.12980769230769232 0.17307692307692307
5 0.12379807692307693 0.8413461538461539 0.13701923076923078 0.2692307692307692
5 0.4266826923076923 0.9278846153846154 0.13701923076923078 0.1201923076923077
5 0.7079326923076923 0.17067307692307693 0.14182692307692307 0.2403846153846154
5 0.65625 0.35096153846153844 0.16346153846153846 0.1875
5 0.9170673076923077 0.23076923076923078 0.0889423076923077 0.16346153846153846