21 0.5144230769230769 0.4963942307692308 0.2403846153846154 0.0889423076923077
21 0.4074519230769231 0.6430288461538461 0.19471153846153846 0.21394230769230768
21 0.36658653846153844 0.3713942307692308 0.14182692307692307 0.12740384615384615
21 0.5757211538461539 0.7512019230769231 0.21875 0.13701923076923078
21 0.2548076923076923 0.7355769230769231 0.23076923076923078 0.12980769230769232
21 0.25961538461538464 0.6225961538461539 0.21153846153846154 0.21153846153846154
21 0.7944711538461539 0.23918269230769232 0.30528846153846156 0.12259615384615384
21 0.8353365384615384 0.4230769230769231 0.2620192307692308 0.17307692307692307
21 0.46274038461538464 0.12620192307692307 0.15625 0.14182692307692307
21 0.15985576923076922 0.3713942307692308 0.19471153846153846 0.12740384615384615
21 0.5913461538461539 0.8942307692307693 0.2932692307692308 0.1201923076923077
21 0.7139423076923077 0.5769230769230769 0.17307692307692307 0.10096153846153846
21 0.18269230769230768 0.16346153846153846 0.09615384615384616 0.12980769230769232
21 0.09735576923076923 0.24158653846153846 0.11778846153846154 0.10817307692307693