14 0.33774038461538464 0.3269230769230769 0.31009615384615385 0.3557692307692308
14 0.11538461538461539 0.44711538461538464 0.15384615384615385 0.27884615384615385
14 0.1814903846153846 0.1814903846153846 0.16105769230769232 0.27163461538461536
14 0.6346153846153846 0.32572115384615385 0.2403846153846154 0.2764423076923077
14 0.8173076923076923 0.15745192307692307 0.2403846153846154 0.1658653846153846
14 0.5925480769230769 0.15745192307692307 0.21394230769230768 0.1658653846153846
14 0.640625 0.7091346153846154 0.33413461538461536 0.38461538461538464
14 0.2980769230769231 0.7848557692307693 0.27884615384615385 0.2620192307692308
14 0.17668269230769232 0.8713942307692307 0.16105769230769232 0.19951923076923078
14 0.19951923076923078 0.6622596153846154 0.16826923076923078 0.22355769230769232
14 0.8293269230769231 0.5108173076923077 0.1778846153846154 0.31490384615384615
14 0.8786057692307693 0.8137019230769231 0.17067307692307693 0.3389423076923077