25 0.5084134615384616 0.953125 0.11778846153846154 0.0889423076923077
25 0.44591346153846156 0.4026442307692308 0.13221153846153846 0.12740384615384615
25 0.6021634615384616 0.37259615384615385 0.0985576923076923 0.07211538461538461
25 0.47475961538461536 0.24158653846153846 0.07932692307692307 0.17548076923076922
25 0.3269230769230769 0.8088942307692307 0.14423076923076922 0.24759615384615385
25 0.6682692307692307 0.9411057692307693 0.10576923076923077 0.11298076923076923
25 0.7043269230769231 0.6430288461538461 0.07211538461538461 0.10817307692307693
25 0.21754807692307693 0.3329326923076923 0.15144230769230768 0.06490384615384616
25 0.15384615384615385 0.390625 0.1875 0.0985576923076923
25 0.484375 0.7259615384615384 0.10336538461538461 0.125
25 0.5384615384615384 0.8461538461538461 0.08173076923076923 0.07211538461538461
25 0.6394230769230769 0.8473557692307693 0.08173076923076923 0.04567307692307692
25 0.6466346153846154 0.7728365384615384 0.08653846153846154 0.07451923076923077
25 0.546875 0.7596153846153846 0.07451923076923077 0.0625
25 0.4579326923076923 0.5096153846153846 0.1658653846153846 0.1346153846153846
25 0.59375 0.5685096153846154 0.04807692307692308 0.06490384615384616
25 0.7079326923076923 0.7956730769230769 0.10817307692307693 0.13942307692307693
25 0.1875 0.6045673076923077 0.16826923076923078 0.15625
25 0.140625 0.8629807692307693 0.16105769230769232 0.2692307692307692