19 0.39783653846153844 0.7848557692307693 0.09375 0.24278846153846154
19 0.5336538461538461 0.7740384615384616 0.1201923076923077 0.2644230769230769
19 0.5144230769230769 0.5252403846153846 0.04807692307692308 0.1466346153846154
19 0.6153846153846154 0.359375 0.10096153846153846 0.14182692307692307
19 0.8713942307692307 0.8425480769230769 0.13221153846153846 0.2620192307692308
19 0.765625 0.6009615384615384 0.06971153846153846 0.15384615384615385
19 0.14182692307692307 0.43149038461538464 0.09615384615384616 0.35336538461538464
19 0.21514423076923078 0.1502403846153846 0.11298076923076923 0.2956730769230769
19 0.22956730769230768 0.34134615384615385 0.055288461538461536 0.11538461538461539
21 0.3954326923076923 0.4170673076923077 0.07451923076923077 0.13701923076923078
21 0.7067307692307693 0.296875 0.04807692307692308 0.22355769230769232
21 0.9663461538461539 0.6322115384615384 0.0625 0.17307692307692307
19 0.33653846153846156 0.2536057692307692 0.07211538461538461 0.22355769230769232
21 0.5192307692307693 0.3581730769230769 0.08173076923076923 0.13942307692307693
21 0.8137019230769231 0.2704326923076923 0.06971153846153846 0.10336538461538461
21 0.8076923076923077 0.171875 0.07211538461538461 0.08413461538461539
21 0.054086538461538464 0.7596153846153846 0.09375 0.1778846153846154
19 0.4567307692307692 0.078125 0.09134615384615384 0.12259615384615384
21 0.9362980769230769 0.25721153846153844 0.06490384615384616 0.1971153846153846