4 0.3870192307692308 0.6814903846153846 0.14903846153846154 0.3918269230769231
4 0.15625 0.5889423076923077 0.11057692307692307 0.23076923076923078
4 0.5300480769230769 0.3112980769230769 0.1658653846153846 0.28125
4 0.8497596153846154 0.5612980769230769 0.27163461538461536 0.2668269230769231
4 0.7536057692307693 0.2692307692307692 0.0985576923076923 0.15384615384615385
4 0.6286057692307693 0.08533653846153846 0.11298076923076923 0.11298076923076923
4 0.4483173076923077 0.3425480769230769 0.1658653846153846 0.29086538461538464
4 0.1875 0.43149038461538464 0.08173076923076923 0.14182692307692307
4 0.030048076923076924 0.4362980769230769 0.06009615384615385 0.19471153846153846
4 0.19951923076923078 0.20432692307692307 0.11057692307692307 0.16826923076923078
4 0.3485576923076923 0.41346153846153844 0.10096153846153846 0.11057692307692307
4 0.27283653846153844 0.8858173076923077 0.08413461538461539 0.22355769230769232
4 0.9074519230769231 0.2932692307692308 0.06971153846153846 0.3173076923076923
4 0.43990384615384615 0.4855769230769231 0.10096153846153846 0.25961538461538464
4 0.6081730769230769 0.15625 0.125 0.08173076923076923