3 0.2692307692307692 0.31850961538461536 0.3894230769230769 0.2956730769230769
3 0.8197115384615384 0.5348557692307693 0.3317307692307692 0.21875
3 0.23317307692307693 0.6887019230769231 0.3557692307692308 0.34375
3 0.4651442307692308 0.6310096153846154 0.15625 0.3245192307692308
3 0.7415865384615384 0.8149038461538461 0.2620192307692308 0.36538461538461536
3 0.49038461538461536 0.9002403846153846 0.15384615384615385 0.19471153846153846
3 0.5240384615384616 0.203125 0.1201923076923077 0.4014423076923077
3 0.7740384615384616 0.2932692307692308 0.35096153846153844 0.3173076923076923
3 0.34375 0.14302884615384615 0.20192307692307693 0.28125
3 0.7115384615384616 0.13221153846153846 0.21153846153846154 0.25961538461538464
3 0.35216346153846156 0.8737980769230769 0.1658653846153846 0.24759615384615385