29 0.12740384615384615 0.17548076923076922 0.11057692307692307 0.32211538461538464
29 0.11298076923076923 0.5600961538461539 0.14903846153846154 0.36538461538461536
29 0.35336538461538464 0.6502403846153846 0.28846153846153844 0.5793269230769231
29 0.7512019230769231 0.19951923076923078 0.31009615384615385 0.3125
29 0.5949519230769231 0.7920673076923077 0.21875 0.4110576923076923
29 0.5480769230769231 0.421875 0.22596153846153846 0.3581730769230769
29 0.8161057692307693 0.5480769230769231 0.24278846153846154 0.30288461538461536
29 0.3870192307692308 0.21394230769230768 0.10096153846153846 0.2932692307692308
29 0.052884615384615384 0.1971153846153846 0.10096153846153846 0.3173076923076923
29 0.7944711538461539 0.8521634615384616 0.20432692307692307 0.29086538461538464
29 0.9459134615384616 0.8810096153846154 0.10336538461538461 0.23317307692307693