25 0.6442307692307693 0.203125 0.07211538461538461 0.055288461538461536
25 0.5889423076923077 0.1502403846153846 0.052884615384615384 0.11298076923076923
25 0.4170673076923077 0.9134615384615384 0.055288461538461536 0.08173076923076923
25 0.4266826923076923 0.8076923076923077 0.06009615384615385 0.057692307692307696
25 0.4230769230769231 0.8689903846153846 0.057692307692307696 0.040865384615384616
25 0.9399038461538461 0.5564903846153846 0.10096153846153846 0.11298076923076923
25 0.9098557692307693 0.6418269230769231 0.11298076923076923 0.10096153846153846
25 0.44591346153846156 0.5661057692307693 0.06490384615384616 0.09375
25 0.40024038461538464 0.42908653846153844 0.07451923076923077 0.09375
25 0.35216346153846156 0.3701923076923077 0.055288461538461536 0.11057692307692307
25 0.34615384615384615 0.27283653846153844 0.052884615384615384 0.055288461538461536
25 0.5492788461538461 0.4675480769230769 0.08413461538461539 0.07932692307692307
25 0.5877403846153846 0.6262019230769231 0.10336538461538461 0.12259615384615384
25 0.4951923076923077 0.6947115384615384 0.07211538461538461 0.125