28 0.22355769230769232 0.3557692307692308 0.23557692307692307 0.125
28 0.4170673076923077 0.234375 0.29086538461538464 0.18028846153846154
28 0.5012019230769231 0.06971153846153846 0.25721153846153844 0.13942307692307693
28 0.8269230769230769 0.4110576923076923 0.22596153846153846 0.15384615384615385
28 0.12740384615384615 0.5973557692307693 0.21634615384615385 0.12740384615384615
28 0.1814903846153846 0.4807692307692308 0.21394230769230768 0.10096153846153846
28 0.36538461538461536 0.7331730769230769 0.125 0.11538461538461539
28 0.32572115384615385 0.8269230769230769 0.11298076923076923 0.07211538461538461
28 0.5444711538461539 0.7259615384615384 0.18990384615384615 0.125
28 0.8052884615384616 0.2644230769230769 0.18269230769230768 0.10096153846153846
28 0.7932692307692307 0.1814903846153846 0.24519230769230768 0.17067307692307693
28 0.109375 0.2644230769230769 0.21875 0.14423076923076922
28 0.5877403846153846 0.5564903846153846 0.18990384615384615 0.12740384615384615