5 0.2956730769230769 0.36658653846153844 0.11538461538461539 0.2283653846153846
5 0.4891826923076923 0.5300480769230769 0.13221153846153846 0.18509615384615385
5 0.640625 0.578125 0.13701923076923078 0.24278846153846154
5 0.875 0.5432692307692307 0.14903846153846154 0.24519230769230768
5 0.7896634615384616 0.2764423076923077 0.2091346153846154 0.2403846153846154
5 0.5949519230769231 0.3894230769230769 0.21394230769230768 0.15384615384615385
5 0.5925480769230769 0.29927884615384615 0.1466346153846154 0.18509615384615385
5 0.7548076923076923 0.5733173076923077 0.1778846153846154 0.1658653846153846
5 0.7475961538461539 0.7451923076923077 0.1346153846153846 0.12980769230769232
5 0.6286057692307693 0.8377403846153846 0.1466346153846154 0.1466346153846154
5 0.38822115384615385 0.7860576923076923 0.13701923076923078 0.1778846153846154
5 0.24879807692307693 0.6129807692307693 0.11778846153846154 0.20673076923076922
5 0.14302884615384615 0.6237980769230769 0.11778846153846154 0.25240384615384615
5 0.08774038461538461 0.4807692307692308 0.12740384615384615 0.15865384615384615
5 0.18870192307692307 0.4423076923076923 0.10817307692307693 0.16346153846153846
5 0.10817307692307693 0.30528846153846156 0.1971153846153846 0.2548076923076923
5 0.203125 0.125 0.14182692307692307 0.21634615384615385
5 0.8040865384615384 0.9038461538461539 0.15625 0.1875
5 0.9338942307692307 0.7127403846153846 0.12740384615384615 0.19951923076923078