5 0.15504807692307693 0.21995192307692307 0.13701923076923078 0.15144230769230768
5 0.0829326923076923 0.39302884615384615 0.08413461538461539 0.18509615384615385
5 0.49158653846153844 0.7920673076923077 0.10336538461538461 0.19951923076923078
5 0.5865384615384616 0.7199519230769231 0.07692307692307693 0.25240384615384615
5 0.5396634615384616 0.5925480769230769 0.11298076923076923 0.13701923076923078
5 0.609375 0.4951923076923077 0.17548076923076922 0.1778846153846154
5 0.49158653846153844 0.24639423076923078 0.12740384615384615 0.24278846153846154
5 0.6237980769230769 0.11899038461538461 0.16105769230769232 0.13701923076923078
5 0.35096153846153844 0.9338942307692307 0.16346153846153846 0.12740384615384615
5 0.296875 0.8100961538461539 0.15144230769230768 0.09134615384615384
5 0.53125 0.9182692307692307 0.10096153846153846 0.15865384615384615
5 0.609375 0.8846153846153846 0.06490384615384616 0.15384615384615385
5 0.6935096153846154 0.8293269230769231 0.17548076923076922 0.15384615384615385
5 0.24639423076923078 0.30408653846153844 0.11298076923076923 0.18028846153846154