21 0.4723557692307692 0.31490384615384615 0.07451923076923077 0.15384615384615385
21 0.5120192307692307 0.5276442307692307 0.09615384615384616 0.13701923076923078
21 0.4651442307692308 0.6069711538461539 0.18028846153846154 0.06971153846153846
21 0.6346153846153846 0.40865384615384615 0.1201923076923077 0.14903846153846154
21 0.5721153846153846 0.17307692307692307 0.15865384615384615 0.10096153846153846
21 0.578125 0.25600961538461536 0.07932692307692307 0.12740384615384615
21 0.7403846153846154 0.3641826923076923 0.18269230769230768 0.09375
21 0.8834134615384616 0.30288461538461536 0.15144230769230768 0.13942307692307693
21 0.9290865384615384 0.5528846153846154 0.09375 0.22115384615384615
21 0.71875 0.8161057692307693 0.11538461538461539 0.19471153846153846
21 0.4579326923076923 0.7896634615384616 0.1466346153846154 0.10336538461538461
21 0.6201923076923077 0.8990384615384616 0.11057692307692307 0.1971153846153846
21 0.0673076923076923 0.46153846153846156 0.1346153846153846 0.15865384615384615
21 0.09254807692307693 0.6370192307692307 0.10336538461538461 0.0673076923076923
21 0.1658653846153846 0.7764423076923077 0.14903846153846154 0.16826923076923078
21 0.2704326923076923 0.5288461538461539 0.10817307692307693 0.1201923076923077
21 0.2692307692307692 0.3269230769230769 0.12980769230769232 0.09134615384615384
21 0.18629807692307693 0.24519230769230768 0.0889423076923077 0.13942307692307693
21 0.08533653846153846 0.29927884615384615 0.15625 0.0889423076923077
21 0.6959134615384616 0.15264423076923078 0.08413461538461539 0.0985576923076923
21 0.6862980769230769 0.07091346153846154 0.08413461538461539 0.11298076923076923
21 0.796875 0.6033653846153846 0.10817307692307693 0.18269230769230768
21 0.6646634615384616 0.6574519230769231 0.1658653846153846 0.10817307692307693