8 0.13341346153846154 0.5985576923076923 0.15144230769230768 0.28365384615384615
8 0.20192307692307693 0.41225961538461536 0.12980769230769232 0.33413461538461536
8 0.16466346153846154 0.140625 0.2091346153846154 0.27163461538461536
8 0.9038461538461539 0.11298076923076923 0.14423076923076922 0.22596153846153846
8 0.9447115384615384 0.5072115384615384 0.10096153846153846 0.6394230769230769
8 0.5168269230769231 0.8846153846153846 0.23557692307692307 0.22596153846153846
8 0.31850961538461536 0.6298076923076923 0.11778846153846154 0.3605769230769231
8 0.5 0.4483173076923077 0.14423076923076922 0.17067307692307693
8 0.4206730769230769 0.6935096153846154 0.2403846153846154 0.13701923076923078
8 0.8533653846153846 0.7632211538461539 0.27884615384615385 0.18509615384615385
8 0.5925480769230769 0.29927884615384615 0.12740384615384615 0.15144230769230768
8 0.7319711538461539 0.21875 0.10336538461538461 0.22115384615384615
8 0.26322115384615385 0.9122596153846154 0.15144230769230768 0.17067307692307693
8 0.0985576923076923 0.8485576923076923 0.07211538461538461 0.2980769230769231