21 0.3545673076923077 0.5492788461538461 0.11298076923076923 0.24278846153846154
21 0.2620192307692308 0.48677884615384615 0.09134615384615384 0.18028846153846154
21 0.1658653846153846 0.609375 0.08653846153846154 0.29086538461538464
21 0.23197115384615385 0.3798076923076923 0.12740384615384615 0.10096153846153846
21 0.39663461538461536 0.3894230769230769 0.14423076923076922 0.11057692307692307
21 0.3629807692307692 0.3112980769230769 0.15865384615384615 0.10817307692307693
21 0.2091346153846154 0.3125 0.11538461538461539 0.11538461538461539
21 0.19110576923076922 0.24519230769230768 0.12740384615384615 0.15384615384615385
21 0.0889423076923077 0.5528846153846154 0.1201923076923077 0.1346153846153846
21 0.22596153846153846 0.9050480769230769 0.11538461538461539 0.18509615384615385
21 0.20192307692307693 0.7764423076923077 0.125 0.125
21 0.24879807692307693 0.6850961538461539 0.11298076923076923 0.09134615384615384
21 0.3557692307692308 0.9086538461538461 0.125 0.1778846153846154
21 0.3858173076923077 0.7884615384615384 0.11778846153846154 0.1346153846153846
21 0.45552884615384615 0.8125 0.08413461538461539 0.16346153846153846
21 0.5360576923076923 0.8990384615384616 0.1201923076923077 0.1875
21 0.5697115384615384 0.6478365384615384 0.08173076923076923 0.19471153846153846
21 0.5396634615384616 0.7151442307692307 0.11298076923076923 0.10817307692307693
21 0.6262019230769231 0.6141826923076923 0.10817307692307693 0.19471153846153846
21 0.5925480769230769 0.4723557692307692 0.15144230769230768 0.11778846153846154
21 0.5192307692307693 0.36658653846153844 0.0673076923076923 0.12740384615384615
21 0.4074519230769231 0.3894230769230769 0.1466346153846154 0.04807692307692308
21 0.38822115384615385 0.10216346153846154 0.06971153846153846 0.0889423076923077
21 0.7740384615384616 0.7271634615384616 0.10576923076923077 0.2956730769230769
21 0.8774038461538461 0.4723557692307692 0.17307692307692307 0.16105769230769232
21 0.9146634615384616 0.6129807692307693 0.11298076923076923 0.14903846153846154
21 0.9014423076923077 0.33533653846153844 0.12980769230769232 0.13701923076923078
21 0.7115384615384616 0.3954326923076923 0.09615384615384616 0.06009615384615385
21 0.6310096153846154 0.31490384615384615 0.19471153846153846 0.11057692307692307
21 0.6514423076923077 0.17908653846153846 0.10576923076923077 0.11298076923076923
21 0.46153846153846156 0.20552884615384615 0.10096153846153846 0.11778846153846154
21 0.34134615384615385 0.2536057692307692 0.1201923076923077 0.08413461538461539
21 0.4362980769230769 0.5661057692307693 0.08413461538461539 0.21394230769230768