25 0.21153846153846154 0.7800480769230769 0.038461538461538464 0.036057692307692304
25 0.06129807692307692 0.9278846153846154 0.026442307692307692 0.057692307692307696
25 0.06610576923076923 0.8834134615384616 0.03125 0.04567307692307692
25 0.12620192307692307 0.8641826923076923 0.03125 0.06971153846153846
25 0.23798076923076922 0.9170673076923077 0.04807692307692308 0.040865384615384616
25 0.2776442307692308 0.703125 0.026442307692307692 0.06971153846153846
25 0.31490384615384615 0.6838942307692307 0.038461538461538464 0.06009615384615385
25 0.3557692307692308 0.703125 0.057692307692307696 0.040865384615384616
25 0.30288461538461536 0.9495192307692307 0.052884615384615384 0.052884615384615384
25 0.15745192307692307 0.7584134615384616 0.03125 0.026442307692307692
25 0.06971153846153846 0.6574519230769231 0.057692307692307696 0.06009615384615385
25 0.21514423076923078 0.6887019230769231 0.026442307692307692 0.03125
25 0.09254807692307693 0.9206730769230769 0.036057692307692304 0.0625
25 0.38822115384615385 0.8185096153846154 0.06009615384615385 0.08413461538461539
25 0.36538461538461536 0.7463942307692307 0.0625 0.07932692307692307
25 0.3125 0.7776442307692307 0.0673076923076923 0.04567307692307692
25 0.29086538461538464 0.8617788461538461 0.0625 0.055288461538461536
25 0.1658653846153846 0.8076923076923077 0.028846153846153848 0.0625
25 0.7800480769230769 0.8858173076923077 0.2283653846153846 0.15625
25 0.7379807692307693 0.7295673076923077 0.23557692307692307 0.15625
25 0.052884615384615384 0.23076923076923078 0.04807692307692308 0.04807692307692308
25 0.19591346153846154 0.41947115384615385 0.06490384615384616 0.0889423076923077
25 0.20072115384615385 0.21875 0.036057692307692304 0.03365384615384615
25 0.27163461538461536 0.2644230769230769 0.038461538461538464 0.04326923076923077
25 0.3545673076923077 0.15504807692307693 0.06490384615384616 0.07451923076923077
25 0.04326923076923077 0.34375 0.038461538461538464 0.10096153846153846
25 0.29927884615384615 0.2247596153846154 0.04567307692307692 0.040865384615384616
25 0.34375 0.30288461538461536 0.0673076923076923 0.057692307692307696
25 0.28125 0.38461538461538464 0.04326923076923077 0.07692307692307693
25 0.2644230769230769 0.3076923076923077 0.038461538461538464 0.04326923076923077
25 0.23918269230769232 0.22355769230769232 0.040865384615384616 0.028846153846153848
25 0.12980769230769232 0.328125 0.057692307692307696 0.07932692307692307
25 0.07451923076923077 0.18269230769230768 0.0673076923076923 0.10096153846153846
25 0.14903846153846154 0.18389423076923078 0.052884615384615384 0.08413461538461539
25 0.37259615384615385 0.4014423076923077 0.0673076923076923 0.07211538461538461