25 0.6983173076923077 0.7716346153846154 0.12740384615384615 0.22596153846153846
25 0.7668269230769231 0.49399038461538464 0.1346153846153846 0.15144230769230768
25 0.40024038461538464 0.8689903846153846 0.25721153846153844 0.22355769230769232
25 0.3701923076923077 0.43509615384615385 0.11538461538461539 0.22596153846153846
25 0.5168269230769231 0.15745192307692307 0.25 0.3004807692307692
25 0.5901442307692307 0.46875 0.19471153846153846 0.15384615384615385
25 0.5721153846153846 0.28966346153846156 0.15384615384615385 0.25240384615384615
25 0.3629807692307692 0.65625 0.14423076923076922 0.15865384615384615
25 0.4519230769230769 0.41586538461538464 0.11538461538461539 0.20192307692307693
25 0.2247596153846154 0.7572115384615384 0.18990384615384615 0.35096153846153844
25 0.23677884615384615 0.3557692307692308 0.13701923076923078 0.30288461538461536