23 0.49038461538461536 0.4230769230769231 0.22596153846153846 0.22596153846153846
23 0.8942307692307693 0.5709134615384616 0.20673076923076922 0.1466346153846154
23 0.23798076923076922 0.2704326923076923 0.1875 0.45913461538461536
23 0.3918269230769231 0.29447115384615385 0.20192307692307693 0.5024038461538461
23 0.7596153846153846 0.15745192307692307 0.2548076923076923 0.3004807692307692
23 0.9002403846153846 0.7644230769230769 0.17548076923076922 0.2932692307692308
23 0.6862980769230769 0.7439903846153846 0.19951923076923078 0.31009615384615385
23 0.6478365384615384 0.4639423076923077 0.2091346153846154 0.2692307692307692
23 0.45072115384615385 0.8112980769230769 0.23798076923076922 0.37259615384615385
23 0.3401442307692308 0.6826923076923077 0.21875 0.25
23 0.18389423076923078 0.6778846153846154 0.2091346153846154 0.41346153846153844
23 0.07692307692307693 0.42427884615384615 0.14903846153846154 0.49759615384615385