23 0.5769230769230769 0.5625 0.11057692307692307 0.25961538461538464
23 0.6682692307692307 0.7367788461538461 0.1778846153846154 0.14182692307692307
23 0.28125 0.4170673076923077 0.14423076923076922 0.33413461538461536
23 0.38341346153846156 0.5600961538461539 0.10336538461538461 0.2548076923076923
23 0.4519230769230769 0.28725961538461536 0.12980769230769232 0.25240384615384615
23 0.5324519230769231 0.12259615384615384 0.13221153846153846 0.10576923076923077
23 0.4963942307692308 0.45552884615384615 0.13221153846153846 0.24759615384615385
23 0.4326923076923077 0.7572115384615384 0.25 0.14903846153846154
23 0.9134615384615384 0.7127403846153846 0.16826923076923078 0.43509615384615385
23 0.8016826923076923 0.41466346153846156 0.17067307692307693 0.14182692307692307
23 0.6947115384615384 0.5829326923076923 0.1971153846153846 0.25721153846153844