26 0.13581730769230768 0.41586538461538464 0.13221153846153846 0.22596153846153846
26 0.18269230769230768 0.4639423076923077 0.07211538461538461 0.20673076923076922
26 0.6394230769230769 0.3449519230769231 0.08173076923076923 0.24278846153846154
26 0.7920673076923077 0.4951923076923077 0.15625 0.16346153846153846
26 0.8269230769230769 0.6201923076923077 0.11057692307692307 0.1346153846153846
26 0.7475961538461539 0.6237980769230769 0.11057692307692307 0.11298076923076923
26 0.6875 0.5492788461538461 0.0673076923076923 0.12740384615384615
26 0.2824519230769231 0.36658653846153844 0.07451923076923077 0.04567307692307692
26 0.38341346153846156 0.3641826923076923 0.06971153846153846 0.06971153846153846
26 0.39663461538461536 0.4338942307692308 0.028846153846153848 0.08413461538461539
26 0.34975961538461536 0.47596153846153844 0.07451923076923077 0.052884615384615384
26 0.3076923076923077 0.6418269230769231 0.057692307692307696 0.13942307692307693
26 0.24879807692307693 0.5793269230769231 0.11298076923076923 0.2644230769230769
26 0.3629807692307692 0.5721153846153846 0.09134615384615384 0.1201923076923077
26 0.49158653846153844 0.4362980769230769 0.14182692307692307 0.11298076923076923
26 0.5745192307692307 0.47836538461538464 0.07211538461538461 0.12980769230769232