25 0.07451923076923077 0.43990384615384615 0.1201923076923077 0.18269230769230768
25 0.6045673076923077 0.640625 0.11778846153846154 0.18990384615384615
25 0.9254807692307693 0.6574519230769231 0.11538461538461539 0.1658653846153846
25 0.8413461538461539 0.6081730769230769 0.0673076923076923 0.1201923076923077
25 0.3581730769230769 0.3076923076923077 0.09615384615384616 0.10096153846153846
25 0.07572115384615384 0.6165865384615384 0.07932692307692307 0.15625
25 0.13822115384615385 0.8305288461538461 0.09375 0.13221153846153846
25 0.19951923076923078 0.6526442307692307 0.0673076923076923 0.15625
25 0.21995192307692307 0.4074519230769231 0.0985576923076923 0.17067307692307693
25 0.3088942307692308 0.10697115384615384 0.17067307692307693 0.1658653846153846
25 0.5204326923076923 0.051682692307692304 0.19951923076923078 0.0985576923076923
25 0.8521634615384616 0.1310096153846154 0.15625 0.11778846153846154
25 0.8930288461538461 0.3641826923076923 0.18028846153846154 0.3004807692307692
25 0.6069711538461539 0.33653846153846156 0.17548076923076922 0.21634615384615385
25 0.6899038461538461 0.38221153846153844 0.08653846153846154 0.17307692307692307
25 0.8449519230769231 0.8918269230769231 0.10817307692307693 0.21153846153846154
25 0.6237980769230769 0.8293269230769231 0.18509615384615385 0.18269230769230768
25 0.3088942307692308 0.8762019230769231 0.18509615384615385 0.24278846153846154
25 0.35336538461538464 0.7259615384615384 0.11538461538461539 0.12980769230769232
25 0.38461538461538464 0.5913461538461539 0.11057692307692307 0.10576923076923077
25 0.5180288461538461 0.5889423076923077 0.10817307692307693 0.10576923076923077
25 0.4423076923076923 0.8004807692307693 0.09134615384615384 0.27403846153846156