24 0.078125 0.2620192307692308 0.11778846153846154 0.125
24 0.7331730769230769 0.8918269230769231 0.08173076923076923 0.11057692307692307
24 0.8293269230769231 0.6069711538461539 0.11538461538461539 0.07451923076923077
24 0.33052884615384615 0.7295673076923077 0.11298076923076923 0.14182692307692307
24 0.6766826923076923 0.7920673076923077 0.12740384615384615 0.10817307692307693
24 0.7463942307692307 0.46033653846153844 0.0985576923076923 0.16105769230769232
24 0.5060096153846154 0.6322115384615384 0.08413461538461539 0.10096153846153846
24 0.39783653846153844 0.5456730769230769 0.09375 0.10576923076923077
24 0.4074519230769231 0.8293269230769231 0.06009615384615385 0.18269230769230768
24 0.625 0.6586538461538461 0.10096153846153846 0.16826923076923078
24 0.6478365384615384 0.30649038461538464 0.05048076923076923 0.20432692307692307
24 0.5805288461538461 0.5685096153846154 0.07932692307692307 0.0889423076923077
24 0.47596153846153844 0.4206730769230769 0.08173076923076923 0.14903846153846154