8 0.14302884615384615 0.8473557692307693 0.28125 0.29086538461538464
8 0.21875 0.5204326923076923 0.2644230769230769 0.23798076923076922
8 0.734375 0.7800480769230769 0.25240384615384615 0.25721153846153844
8 0.9182692307692307 0.20793269230769232 0.15865384615384615 0.40625
8 0.47836538461538464 0.5552884615384616 0.1778846153846154 0.15384615384615385
8 0.43028846153846156 0.7007211538461539 0.17307692307692307 0.23798076923076922
8 0.24278846153846154 0.41586538461538464 0.14423076923076922 0.21634615384615385
8 0.21634615384615385 0.40625 0.42788461538461536 0.46153846153846156
8 0.7704326923076923 0.5300480769230769 0.4543269230769231 0.4014423076923077
8 0.7632211538461539 0.8701923076923077 0.19951923076923078 0.20673076923076922
8 0.39783653846153844 0.8978365384615384 0.3004807692307692 0.19951923076923078