5 0.14543269230769232 0.3870192307692308 0.1658653846153846 0.20673076923076922
5 0.2704326923076923 0.40024038461538464 0.10817307692307693 0.17548076923076922
5 0.23677884615384615 0.6141826923076923 0.0985576923076923 0.21394230769230768
5 0.12139423076923077 0.5528846153846154 0.13701923076923078 0.1346153846153846
5 0.3076923076923077 0.5745192307692307 0.10576923076923077 0.13942307692307693
5 0.3473557692307692 0.6346153846153846 0.11778846153846154 0.13942307692307693
5 0.4362980769230769 0.7487980769230769 0.16105769230769232 0.2764423076923077
5 0.6081730769230769 0.7091346153846154 0.10576923076923077 0.14423076923076922
5 0.7055288461538461 0.5841346153846154 0.13701923076923078 0.11538461538461539
5 0.5144230769230769 0.5817307692307693 0.1971153846153846 0.18269230769230768
5 0.47475961538461536 0.1778846153846154 0.13221153846153846 0.18269230769230768
5 0.5084134615384616 0.30528846153846156 0.09375 0.20192307692307693
5 0.4254807692307692 0.30408653846153844 0.11057692307692307 0.19951923076923078
5 0.5769230769230769 0.2127403846153846 0.057692307692307696 0.1466346153846154
5 0.6850961538461539 0.234375 0.10576923076923077 0.09375
5 0.5901442307692307 0.3449519230769231 0.04567307692307692 0.0985576923076923
5 0.8125 0.36778846153846156 0.11057692307692307 0.13942307692307693