10 0.41586538461538464 0.3004807692307692 0.052884615384615384 0.3317307692307692
10 0.49759615384615385 0.3004807692307692 0.07692307692307693 0.2692307692307692
10 0.5913461538461539 0.7463942307692307 0.13942307692307693 0.3389423076923077
10 0.7199519230769231 0.6574519230769231 0.2091346153846154 0.18509615384615385
10 0.8161057692307693 0.4254807692307692 0.21875 0.19230769230769232
10 0.4495192307692308 0.8016826923076923 0.0625 0.2860576923076923
10 0.19591346153846154 0.4182692307692308 0.0889423076923077 0.30288461538461536
10 0.09375 0.5216346153846154 0.08653846153846154 0.4230769230769231
10 0.47475961538461536 0.5504807692307693 0.10336538461538461 0.17307692307692307
10 0.5 0.8245192307692307 0.08173076923076923 0.34615384615384615
10 0.6899038461538461 0.7908653846153846 0.1201923076923077 0.3317307692307692
10 0.34375 0.7271634615384616 0.15865384615384615 0.3870192307692308