10 0.4266826923076923 0.5420673076923077 0.11778846153846154 0.37740384615384615
10 0.23918269230769232 0.4230769230769231 0.2283653846153846 0.3173076923076923
10 0.22716346153846154 0.7235576923076923 0.1466346153846154 0.3125
10 0.421875 0.8064903846153846 0.13701923076923078 0.2668269230769231
10 0.6526442307692307 0.65625 0.12259615384615384 0.20673076923076922
10 0.5060096153846154 0.31971153846153844 0.2860576923076923 0.25961538461538464
10 0.7608173076923077 0.42788461538461536 0.11778846153846154 0.23076923076923078
10 0.7620192307692307 0.5276442307692307 0.16346153846153846 0.2620192307692308
10 0.7463942307692307 0.7007211538461539 0.07451923076923077 0.20432692307692307
10 0.5252403846153846 0.7956730769230769 0.07451923076923077 0.27403846153846156
10 0.06129807692307692 0.7884615384615384 0.07932692307692307 0.1778846153846154
10 0.5685096153846154 0.7584134615384616 0.12259615384615384 0.22355769230769232
10 0.5492788461538461 0.6262019230769231 0.12740384615384615 0.20432692307692307
10 0.359375 0.6346153846153846 0.09375 0.2644230769230769
10 0.5865384615384616 0.4110576923076923 0.22115384615384615 0.057692307692307696