10 0.5721153846153846 0.5600961538461539 0.052884615384615384 0.1346153846153846
10 0.21875 0.4387019230769231 0.0625 0.13221153846153846
10 0.14423076923076922 0.5913461538461539 0.057692307692307696 0.125
10 0.19110576923076922 0.5865384615384616 0.04567307692307692 0.125
10 0.12379807692307693 0.5324519230769231 0.11298076923076923 0.09375
10 0.27403846153846156 0.4891826923076923 0.11057692307692307 0.05048076923076923
10 0.3389423076923077 0.4567307692307692 0.028846153846153848 0.11538461538461539
10 0.33533653846153844 0.7608173076923077 0.06971153846153846 0.13221153846153846
10 0.7572115384615384 0.5637019230769231 0.09615384615384616 0.22355769230769232
10 0.8100961538461539 0.6298076923076923 0.052884615384615384 0.24519230769230768
10 0.7487980769230769 0.23076923076923078 0.07451923076923077 0.16346153846153846
10 0.7692307692307693 0.8954326923076923 0.04807692307692308 0.14182692307692307
10 0.5432692307692307 0.6971153846153846 0.04807692307692308 0.16346153846153846
10 0.46274038461538464 0.6502403846153846 0.06490384615384616 0.11778846153846154
10 0.6646634615384616 0.03485576923076923 0.10336538461538461 0.06009615384615385
10 0.6754807692307693 0.0985576923076923 0.09134615384615384 0.0625
10 0.21514423076923078 0.6899038461538461 0.06971153846153846 0.09134615384615384
10 0.21995192307692307 0.8149038461538461 0.06490384615384616 0.052884615384615384
10 0.2800480769230769 0.8930288461538461 0.036057692307692304 0.1466346153846154
10 0.18870192307692307 0.2608173076923077 0.05048076923076923 0.11778846153846154
10 0.35216346153846156 0.28846153846153844 0.03125 0.08653846153846154
10 0.37740384615384615 0.3581730769230769 0.08173076923076923 0.038461538461538464
10 0.5841346153846154 0.11177884615384616 0.04326923076923077 0.06971153846153846
10 0.828125 0.10817307692307693 0.06971153846153846 0.07692307692307693
10 0.6237980769230769 0.5024038461538461 0.10817307692307693 0.08173076923076923
10 0.5709134615384616 0.4338942307692308 0.040865384615384616 0.09375
10 0.6177884615384616 0.42788461538461536 0.08653846153846154 0.0673076923076923
10 0.5228365384615384 0.6009615384615384 0.040865384615384616 0.1346153846153846
10 0.6971153846153846 0.7127403846153846 0.07692307692307693 0.15144230769230768
10 0.8870192307692307 0.8149038461538461 0.15384615384615385 0.16826923076923078
10 0.28725961538461536 0.30288461538461536 0.06009615384615385 0.057692307692307696
10 0.07091346153846154 0.24519230769230768 0.036057692307692304 0.0625