10 0.6141826923076923 0.5396634615384616 0.16105769230769232 0.14182692307692307
10 0.6670673076923077 0.5552884615384616 0.12740384615384615 0.11057692307692307
10 0.8545673076923077 0.5072115384615384 0.15625 0.1201923076923077
10 0.8521634615384616 0.5697115384615384 0.12740384615384615 0.16346153846153846
10 0.5288461538461539 0.6105769230769231 0.11057692307692307 0.11538461538461539
10 0.44350961538461536 0.8293269230769231 0.10336538461538461 0.18269230769230768
10 0.5384615384615384 0.2920673076923077 0.04326923076923077 0.19471153846153846
10 0.8341346153846154 0.359375 0.1875 0.17548076923076922
10 0.8461538461538461 0.11778846153846154 0.20192307692307693 0.07211538461538461
10 0.6009615384615384 0.12379807692307693 0.10096153846153846 0.07451923076923077
10 0.5480769230769231 0.10216346153846154 0.04807692307692308 0.11778846153846154
10 0.3798076923076923 0.6418269230769231 0.13942307692307693 0.1201923076923077
10 0.8533653846153846 0.4411057692307692 0.19230769230769232 0.09375