10 0.20552884615384615 0.37740384615384615 0.07932692307692307 0.18269230769230768
10 0.28125 0.3737980769230769 0.04807692307692308 0.17548076923076922
10 0.6646634615384616 0.08774038461538461 0.08413461538461539 0.17067307692307693
10 0.4675480769230769 0.6442307692307693 0.10817307692307693 0.23557692307692307
10 0.8954326923076923 0.2283653846153846 0.055288461538461536 0.15384615384615385
10 0.9411057692307693 0.5336538461538461 0.10336538461538461 0.1875
10 0.21394230769230768 0.6153846153846154 0.1201923076923077 0.15865384615384615
10 0.7752403846153846 0.6622596153846154 0.0889423076923077 0.19471153846153846
10 0.6189903846153846 0.07692307692307693 0.06971153846153846 0.1346153846153846
10 0.15745192307692307 0.36778846153846156 0.06009615384615385 0.14423076923076922
10 0.7163461538461539 0.09495192307692307 0.052884615384615384 0.14182692307692307