3 0.3894230769230769 0.4098557692307692 0.15865384615384615 0.31490384615384615
3 0.5757211538461539 0.39663461538461536 0.1466346153846154 0.2932692307692308
3 0.6430288461538461 0.484375 0.19951923076923078 0.3004807692307692
3 0.7800480769230769 0.5048076923076923 0.12740384615384615 0.1778846153846154
3 0.16466346153846154 0.6490384615384616 0.3004807692307692 0.20192307692307693
3 0.2403846153846154 0.46153846153846156 0.125 0.10096153846153846
3 0.29447115384615385 0.5228365384615384 0.1466346153846154 0.13701923076923078
3 0.7331730769230769 0.054086538461538464 0.10576923076923077 0.10336538461538461
3 0.46153846153846156 0.203125 0.1971153846153846 0.08413461538461539
3 0.6862980769230769 0.2127403846153846 0.12740384615384615 0.12259615384615384
3 0.9158653846153846 0.3894230769230769 0.16346153846153846 0.09615384615384616
3 0.9435096153846154 0.3473557692307692 0.10817307692307693 0.13701923076923078
3 0.7247596153846154 0.734375 0.17067307692307693 0.12259615384615384
3 0.9002403846153846 0.9206730769230769 0.18990384615384615 0.15384615384615385
3 0.7055288461538461 0.9158653846153846 0.18990384615384615 0.16346153846153846
3 0.09254807692307693 0.49038461538461536 0.16105769230769232 0.125