4 0.6658653846153846 0.34134615384615385 0.16346153846153846 0.23076923076923078
4 0.8617788461538461 0.3762019230769231 0.20432692307692307 0.33413461538461536
4 0.9699519230769231 0.4423076923076923 0.055288461538461536 0.10576923076923077
4 0.8413461538461539 0.5877403846153846 0.14423076923076922 0.11298076923076923
4 0.6802884615384616 0.6358173076923077 0.18269230769230768 0.1466346153846154
4 0.5288461538461539 0.15264423076923078 0.25961538461538464 0.3004807692307692
4 0.7199519230769231 0.055288461538461536 0.12259615384615384 0.11057692307692307
4 0.38100961538461536 0.3401442307692308 0.16105769230769232 0.16105769230769232
4 0.5324519230769231 0.6646634615384616 0.10817307692307693 0.1658653846153846
4 0.9326923076923077 0.5276442307692307 0.12980769230769232 0.11778846153846154
4 0.2776442307692308 0.12980769230769232 0.2283653846153846 0.24519230769230768