3 0.546875 0.5012019230769231 0.2668269230769231 0.2860576923076923
3 0.8413461538461539 0.4879807692307692 0.19230769230769232 0.3125
3 0.7524038461538461 0.1814903846153846 0.21634615384615385 0.3004807692307692
3 0.21995192307692307 0.6045673076923077 0.2283653846153846 0.13221153846153846
3 0.4098557692307692 0.5384615384615384 0.13701923076923078 0.1875
3 0.2091346153846154 0.4795673076923077 0.1971153846153846 0.18509615384615385
3 0.6105769230769231 0.7355769230769231 0.2692307692307692 0.23557692307692307
3 0.8353365384615384 0.8605769230769231 0.16105769230769232 0.27403846153846156
3 0.2956730769230769 0.7884615384615384 0.15384615384615385 0.33653846153846156
3 0.12379807692307693 0.859375 0.22355769230769232 0.2764423076923077
3 0.0829326923076923 0.6201923076923077 0.13701923076923078 0.2403846153846154