5 0.4254807692307692 0.7872596153846154 0.09615384615384616 0.19951923076923078
5 0.5456730769230769 0.7608173076923077 0.15384615384615385 0.1466346153846154
5 0.5805288461538461 0.8894230769230769 0.10336538461538461 0.21634615384615385
5 0.6622596153846154 0.7163461538461539 0.12740384615384615 0.1346153846153846
5 0.7716346153846154 0.390625 0.15384615384615385 0.19471153846153846
5 0.6899038461538461 0.23918269230769232 0.1201923076923077 0.14182692307692307
5 0.53125 0.28125 0.07211538461538461 0.15865384615384615
5 0.36658653846153844 0.5276442307692307 0.0889423076923077 0.18028846153846154
5 0.27884615384615385 0.4495192307692308 0.0625 0.08173076923076923
5 0.19831730769230768 0.37740384615384615 0.0985576923076923 0.15384615384615385
5 0.10697115384615384 0.38100961538461536 0.09375 0.13221153846153846
5 0.18990384615384615 0.45913461538461536 0.1201923076923077 0.11057692307692307
5 0.1045673076923077 0.5456730769230769 0.09375 0.14423076923076922
5 0.20192307692307693 0.8149038461538461 0.1971153846153846 0.23557692307692307
5 0.07451923076923077 0.7463942307692307 0.11538461538461539 0.3004807692307692
5 0.4675480769230769 0.6274038461538461 0.17548076923076922 0.14423076923076922
5 0.8317307692307693 0.2692307692307692 0.10576923076923077 0.16826923076923078
5 0.1622596153846154 0.15865384615384615 0.08413461538461539 0.21153846153846154
5 0.30649038461538464 0.08413461538461539 0.055288461538461536 0.13942307692307693
5 0.4495192307692308 0.11899038461538461 0.18269230769230768 0.18509615384615385