12 0.3605769230769231 0.5216346153846154 0.125 0.28365384615384615
12 0.6754807692307693 0.21754807692307693 0.20673076923076922 0.2860576923076923
12 0.5552884615384616 0.08533653846153846 0.20673076923076922 0.1658653846153846
12 0.3449519230769231 0.07932692307692307 0.17067307692307693 0.15384615384615385
12 0.1935096153846154 0.49399038461538464 0.2283653846153846 0.2668269230769231
12 0.17067307692307693 0.78125 0.08653846153846154 0.28846153846153844
12 0.2932692307692308 0.8557692307692307 0.14423076923076922 0.27884615384615385
12 0.7103365384615384 0.9326923076923077 0.1658653846153846 0.12980769230769232
12 0.8245192307692307 0.8882211538461539 0.28846153846153844 0.12259615384615384
12 0.7956730769230769 0.71875 0.14423076923076922 0.2403846153846154
12 0.9362980769230769 0.7776442307692307 0.12259615384615384 0.0889423076923077
12 0.7415865384615384 0.36538461538461536 0.17067307692307693 0.14903846153846154
12 0.8629807692307693 0.2824519230769231 0.10576923076923077 0.24278846153846154