25 0.39903846153846156 0.35336538461538464 0.125 0.1201923076923077
25 0.12139423076923077 0.3786057692307692 0.13221153846153846 0.12259615384615384
25 0.36538461538461536 0.5144230769230769 0.125 0.20192307692307693
25 0.10576923076923077 0.7271634615384616 0.08653846153846154 0.18028846153846154
25 0.078125 0.578125 0.12740384615384615 0.1466346153846154
25 0.21754807692307693 0.7475961538461539 0.12259615384615384 0.19230769230769232
25 0.3701923076923077 0.7043269230769231 0.1346153846153846 0.1778846153846154
25 0.4110576923076923 0.8713942307692307 0.14903846153846154 0.2283653846153846
25 0.8846153846153846 0.44711538461538464 0.08653846153846154 0.1778846153846154
25 0.9146634615384616 0.22716346153846154 0.07932692307692307 0.18028846153846154
25 0.7764423076923077 0.24278846153846154 0.1346153846153846 0.08173076923076923
25 0.7860576923076923 0.10697115384615384 0.08653846153846154 0.14182692307692307
25 0.6490384615384616 0.24278846153846154 0.16826923076923078 0.3125
25 0.1045673076923077 0.18870192307692307 0.11778846153846154 0.1466346153846154
25 0.1778846153846154 0.10336538461538461 0.10096153846153846 0.1875
25 0.24278846153846154 0.1875 0.09615384615384616 0.11057692307692307