14 0.1778846153846154 0.2980769230769231 0.3269230769230769 0.16346153846153846
14 0.4206730769230769 0.32211538461538464 0.19230769230769232 0.09134615384615384
14 0.5805288461538461 0.22596153846153846 0.21394230769230768 0.13942307692307693
14 0.6923076923076923 0.3233173076923077 0.2692307692307692 0.12740384615384615
14 0.6418269230769231 0.44350961538461536 0.22596153846153846 0.10336538461538461
14 0.8449519230769231 0.4411057692307692 0.16105769230769232 0.17548076923076922
14 0.7896634615384616 0.6358173076923077 0.15625 0.16105769230769232
14 0.6502403846153846 0.7199519230769231 0.10336538461538461 0.11298076923076923
14 0.8677884615384616 0.8401442307692307 0.21634615384615385 0.18509615384615385
14 0.3641826923076923 0.7283653846153846 0.2620192307692308 0.21634615384615385
14 0.3161057692307692 0.5480769230769231 0.15144230769230768 0.13942307692307693
14 0.15384615384615385 0.4651442307692308 0.22596153846153846 0.13221153846153846
14 0.4567307692307692 0.4375 0.2403846153846154 0.10576923076923077
14 0.5300480769230769 0.8389423076923077 0.12740384615384615 0.19230769230769232
14 0.6850961538461539 0.8617788461538461 0.12980769230769232 0.19951923076923078