14 0.31850961538461536 0.19951923076923078 0.24759615384615385 0.28846153846153844
14 0.44711538461538464 0.59375 0.20673076923076922 0.32211538461538464
14 0.7451923076923077 0.6790865384615384 0.23076923076923078 0.17548076923076922
14 0.6033653846153846 0.43028846153846156 0.17307692307692307 0.1778846153846154
14 0.5048076923076923 0.12860576923076922 0.1875 0.18509615384615385
14 0.2644230769230769 0.39783653846153844 0.16826923076923078 0.19951923076923078
14 0.15625 0.23197115384615385 0.11538461538461539 0.25240384615384615
14 0.23798076923076922 0.6670673076923077 0.23557692307692307 0.18509615384615385
14 0.11778846153846154 0.8233173076923077 0.14423076923076922 0.18509615384615385
14 0.08173076923076923 0.6274038461538461 0.10096153846153846 0.21153846153846154
14 0.7019230769230769 0.31850961538461536 0.10096153846153846 0.15144230769230768
14 0.71875 0.48677884615384615 0.08173076923076923 0.18028846153846154
14 0.6346153846153846 0.10697115384615384 0.08173076923076923 0.2091346153846154
14 0.5552884615384616 0.28365384615384615 0.14423076923076922 0.16346153846153846
14 0.8810096153846154 0.30649038461538464 0.12740384615384615 0.25240384615384615
14 0.90625 0.14182692307692307 0.15865384615384615 0.11538461538461539
14 0.7944711538461539 0.17307692307692307 0.13221153846153846 0.125
14 0.8954326923076923 0.6730769230769231 0.10336538461538461 0.25
14 0.8497596153846154 0.8473557692307693 0.15625 0.17548076923076922
14 0.5709134615384616 0.7788461538461539 0.17548076923076922 0.1971153846153846
14 0.38822115384615385 0.8173076923076923 0.20432692307692307 0.1778846153846154
14 0.7271634615384616 0.8786057692307693 0.13221153846153846 0.11778846153846154
14 0.6394230769230769 0.9302884615384616 0.04807692307692308 0.11057692307692307
14 0.6358173076923077 0.8088942307692307 0.06009615384615385 0.14182692307692307