5 0.4375 0.5072115384615384 0.17307692307692307 0.25961538461538464
5 0.5805288461538461 0.6899038461538461 0.18028846153846154 0.1971153846153846
5 0.6862980769230769 0.4362980769230769 0.21394230769230768 0.29086538461538464
5 0.8413461538461539 0.5588942307692307 0.3125 0.18990384615384615
5 0.2800480769230769 0.6213942307692307 0.2764423076923077 0.2283653846153846
5 0.25 0.8329326923076923 0.3269230769230769 0.22355769230769232
5 0.5 0.9567307692307693 0.17307692307692307 0.08173076923076923
5 0.6778846153846154 0.8413461538461539 0.10576923076923077 0.17307692307692307
5 0.890625 0.8689903846153846 0.21394230769230768 0.23317307692307693
5 0.27163461538461536 0.4098557692307692 0.1346153846153846 0.14182692307692307
5 0.05889423076923077 0.3485576923076923 0.11298076923076923 0.16826923076923078
5 0.4855769230769231 0.09735576923076923 0.14903846153846154 0.18990384615384615