25 0.21754807692307693 0.6814903846153846 0.05048076923076923 0.06971153846153846
25 0.15264423076923078 0.6622596153846154 0.07451923076923077 0.055288461538461536
25 0.5420673076923077 0.47596153846153844 0.036057692307692304 0.04807692307692308
25 0.4987980769230769 0.8100961538461539 0.055288461538461536 0.052884615384615384
25 0.4483173076923077 0.8365384615384616 0.026442307692307692 0.0625
25 0.5733173076923077 0.8653846153846154 0.05048076923076923 0.09615384615384616
25 0.39783653846153844 0.7932692307692307 0.06009615384615385 0.07692307692307693
25 0.7944711538461539 0.7704326923076923 0.06490384615384616 0.06009615384615385
25 0.8137019230769231 0.6274038461538461 0.07451923076923077 0.0625
25 0.3485576923076923 0.7175480769230769 0.0625 0.07932692307692307
25 0.6334134615384616 0.7992788461538461 0.04567307692307692 0.10336538461538461
25 0.7127403846153846 0.7716346153846154 0.055288461538461536 0.10096153846153846
25 0.3858173076923077 0.4963942307692308 0.026442307692307692 0.07932692307692307
25 0.4266826923076923 0.4879807692307692 0.036057692307692304 0.057692307692307696
25 0.4735576923076923 0.5060096153846154 0.03365384615384615 0.05048076923076923
25 0.5180288461538461 0.5264423076923077 0.040865384615384616 0.04807692307692308
25 0.4699519230769231 0.6742788461538461 0.036057692307692304 0.09375
25 0.5168269230769231 0.7259615384615384 0.057692307692307696 0.052884615384615384
25 0.5745192307692307 0.5637019230769231 0.07211538461538461 0.055288461538461536