14 0.13822115384615385 0.39783653846153844 0.18990384615384615 0.2283653846153846
14 0.3088942307692308 0.3942307692307692 0.12259615384615384 0.2403846153846154
14 0.2091346153846154 0.5853365384615384 0.1778846153846154 0.19471153846153846
14 0.43149038461538464 0.2091346153846154 0.18509615384615385 0.22596153846153846
14 0.5709134615384616 0.3161057692307692 0.15144230769230768 0.16105769230769232
14 0.43028846153846156 0.40625 0.14423076923076922 0.20192307692307693
14 0.7295673076923077 0.09495192307692307 0.17067307692307693 0.17548076923076922
14 0.7091346153846154 0.23677884615384615 0.14903846153846154 0.11298076923076923
14 0.828125 0.14783653846153846 0.11298076923076923 0.1466346153846154
14 0.5300480769230769 0.6778846153846154 0.1466346153846154 0.25961538461538464
14 0.30528846153846156 0.828125 0.19230769230769232 0.2668269230769231
14 0.3329326923076923 0.6117788461538461 0.13221153846153846 0.17548076923076922
14 0.46274038461538464 0.7536057692307693 0.16105769230769232 0.2283653846153846
14 0.6971153846153846 0.9074519230769231 0.14903846153846154 0.18028846153846154
14 0.796875 0.8509615384615384 0.14182692307692307 0.1971153846153846
14 0.7247596153846154 0.5264423076923077 0.19471153846153846 0.21634615384615385
14 0.5192307692307693 0.5108173076923077 0.21634615384615385 0.18990384615384615
14 0.8918269230769231 0.2848557692307692 0.16826923076923078 0.15144230769230768