10 0.2956730769230769 0.1814903846153846 0.4326923076923077 0.2860576923076923
10 0.6790865384615384 0.31971153846153844 0.44471153846153844 0.2692307692307692
10 0.7091346153846154 0.20793269230769232 0.3173076923076923 0.2956730769230769
10 0.31490384615384615 0.49158653846153844 0.36538461538461536 0.16105769230769232
10 0.47716346153846156 0.4519230769230769 0.31971153846153844 0.1346153846153846
10 0.21514423076923078 0.7319711538461539 0.25240384615384615 0.3581730769230769
10 0.3329326923076923 0.7163461538461539 0.24759615384615385 0.2692307692307692
10 0.8557692307692307 0.6778846153846154 0.15384615384615385 0.34615384615384615
10 0.7211538461538461 0.7824519230769231 0.1201923076923077 0.23317307692307693
10 0.6899038461538461 0.6802884615384616 0.2932692307692308 0.25
10 0.5697115384615384 0.640625 0.28365384615384615 0.12740384615384615