18 0.26322115384615385 0.5805288461538461 0.22355769230769232 0.3245192307692308
18 0.3701923076923077 0.7463942307692307 0.23076923076923078 0.21394230769230768
18 0.1346153846153846 0.7367788461538461 0.20673076923076922 0.23317307692307693
18 0.8004807692307693 0.5961538461538461 0.20192307692307693 0.2548076923076923
18 0.5925480769230769 0.6742788461538461 0.21394230769230768 0.17548076923076922
18 0.8473557692307693 0.7800480769230769 0.20432692307692307 0.18509615384615385
18 0.4807692307692308 0.21153846153846154 0.17307692307692307 0.16346153846153846
18 0.6983173076923077 0.2283653846153846 0.25240384615384615 0.20192307692307693
18 0.5889423076923077 0.39302884615384615 0.14903846153846154 0.23317307692307693
18 0.41225961538461536 0.3485576923076923 0.16105769230769232 0.2548076923076923
18 0.2704326923076923 0.2776442307692308 0.27163461538461536 0.15625
18 0.31971153846153844 0.12740384615384615 0.19230769230769232 0.1875