5 0.34615384615384615 0.16947115384615385 0.20192307692307693 0.2860576923076923
5 0.14302884615384615 0.20192307692307693 0.14182692307692307 0.2692307692307692
5 0.22596153846153846 0.43149038461538464 0.2644230769230769 0.17067307692307693
5 0.15985576923076922 0.6574519230769231 0.14182692307692307 0.2283653846153846
5 0.36177884615384615 0.7259615384615384 0.23317307692307693 0.1875
5 0.5733173076923077 0.5420673076923077 0.2620192307692308 0.15625
5 0.8317307692307693 0.6274038461538461 0.2980769230769231 0.17307692307692307
5 0.8004807692307693 0.8173076923076923 0.15865384615384615 0.21153846153846154
5 0.5997596153846154 0.765625 0.13701923076923078 0.2668269230769231
5 0.8353365384615384 0.23798076923076922 0.16105769230769232 0.25961538461538464
5 0.6057692307692307 0.1502403846153846 0.1778846153846154 0.2091346153846154
5 0.6081730769230769 0.31971153846153844 0.2644230769230769 0.13942307692307693
5 0.2091346153846154 0.8461538461538461 0.14423076923076922 0.11538461538461539