18 0.7463942307692307 0.6430288461538461 0.2283653846153846 0.2668269230769231
18 0.6177884615384616 0.7560096153846154 0.23557692307692307 0.19471153846153846
18 0.8629807692307693 0.7548076923076923 0.22596153846153846 0.19230769230769232
18 0.6646634615384616 0.1658653846153846 0.24759615384615385 0.22596153846153846
18 0.8461538461538461 0.17307692307692307 0.16826923076923078 0.25961538461538464
18 0.6274038461538461 0.3473557692307692 0.27403846153846156 0.17067307692307693
18 0.37740384615384615 0.3173076923076923 0.2548076923076923 0.20673076923076922
18 0.23677884615384615 0.16346153846153846 0.19471153846153846 0.2644230769230769
18 0.13942307692307693 0.3293269230769231 0.22115384615384615 0.1778846153846154
18 0.375 0.7043269230769231 0.21634615384615385 0.2403846153846154
18 0.14783653846153846 0.6959134615384616 0.2091346153846154 0.23798076923076922
18 0.25961538461538464 0.6298076923076923 0.20673076923076922 0.32211538461538464