10 0.27283653846153844 0.2283653846153846 0.4014423076923077 0.27403846153846156
10 0.6105769230769231 0.171875 0.3701923076923077 0.20432692307692307
10 0.6935096153846154 0.11899038461538461 0.3389423076923077 0.14182692307692307
10 0.6947115384615384 0.43990384615384615 0.30288461538461536 0.20192307692307693
10 0.8076923076923077 0.39783653846153844 0.3076923076923077 0.1658653846153846
10 0.6935096153846154 0.6658653846153846 0.44471153846153844 0.14423076923076922
10 0.7151442307692307 0.7379807692307693 0.3629807692307692 0.16826923076923078
10 0.5673076923076923 0.7680288461538461 0.2644230769230769 0.21875
10 0.23197115384615385 0.7788461538461539 0.40625 0.23557692307692307
10 0.27403846153846156 0.5480769230769231 0.47115384615384615 0.16346153846153846
10 0.24759615384615385 0.40865384615384615 0.32211538461538464 0.1346153846153846