10 0.16826923076923078 0.28125 0.22115384615384615 0.4182692307692308
10 0.1622596153846154 0.6514423076923077 0.23798076923076922 0.40865384615384615
10 0.4230769230769231 0.5949519230769231 0.3269230769230769 0.17548076923076922
10 0.328125 0.7668269230769231 0.15144230769230768 0.21634615384615385
10 0.4675480769230769 0.7259615384615384 0.21394230769230768 0.16346153846153846
10 0.796875 0.6141826923076923 0.31971153846153844 0.34375
10 0.7379807692307693 0.7067307692307693 0.3701923076923077 0.19230769230769232
10 0.7896634615384616 0.12740384615384615 0.3389423076923077 0.1971153846153846
10 0.6334134615384616 0.21033653846153846 0.18990384615384615 0.12259615384615384
10 0.7800480769230769 0.2439903846153846 0.29086538461538464 0.13701923076923078
10 0.4050480769230769 0.22956730769230768 0.35336538461538464 0.2764423076923077
10 0.44591346153846156 0.35336538461538464 0.3870192307692308 0.15865384615384615