10 0.1971153846153846 0.1778846153846154 0.2980769230769231 0.28365384615384615
10 0.5516826923076923 0.203125 0.25721153846153844 0.30528846153846156
10 0.44591346153846156 0.27283653846153844 0.23798076923076922 0.15625
10 0.8245192307692307 0.19591346153846154 0.27884615384615385 0.3245192307692308
10 0.8713942307692307 0.6466346153846154 0.1466346153846154 0.49038461538461536
10 0.5649038461538461 0.7740384615384616 0.40384615384615385 0.23076923076923078
10 0.6225961538461539 0.5288461538461539 0.23076923076923078 0.19230769230769232
10 0.6370192307692307 0.4543269230769231 0.2403846153846154 0.1201923076923077
10 0.4963942307692308 0.5444711538461539 0.11778846153846154 0.19471153846153846
10 0.21875 0.4543269230769231 0.35096153846153844 0.125
10 0.20552884615384615 0.3870192307692308 0.2764423076923077 0.09615384615384616
10 0.23677884615384615 0.6382211538461539 0.3293269230769231 0.17067307692307693
10 0.1346153846153846 0.7824519230769231 0.18269230769230768 0.22355769230769232
10 0.29086538461538464 0.7584134615384616 0.20673076923076922 0.13221153846153846