18 0.6526442307692307 0.6298076923076923 0.20432692307692307 0.28365384615384615
18 0.8497596153846154 0.6826923076923077 0.19471153846153846 0.2932692307692308
18 0.6141826923076923 0.8401442307692307 0.27163461538461536 0.19951923076923078
18 0.3125 0.8100961538461539 0.2692307692307692 0.20192307692307693
18 0.3004807692307692 0.609375 0.19230769230769232 0.31971153846153844
18 0.1466346153846154 0.6153846153846154 0.15384615384615385 0.2932692307692308
18 0.15264423076923078 0.3161057692307692 0.16105769230769232 0.25240384615384615
18 0.3112980769230769 0.25721153846153844 0.23317307692307693 0.17307692307692307
18 0.2824519230769231 0.14302884615384615 0.21875 0.18028846153846154
18 0.8161057692307693 0.27403846153846156 0.18028846153846154 0.22596153846153846
18 0.7175480769230769 0.33774038461538464 0.14182692307692307 0.23317307692307693
18 0.6189903846153846 0.13341346153846154 0.21875 0.15625
18 0.5757211538461539 0.25 0.21394230769230768 0.14423076923076922