18 0.3112980769230769 0.6442307692307693 0.22355769230769232 0.30288461538461536
18 0.3389423076923077 0.40865384615384615 0.18269230769230768 0.20673076923076922
18 0.5 0.6045673076923077 0.17307692307692307 0.3004807692307692
18 0.7992788461538461 0.2848557692307692 0.27163461538461536 0.25721153846153844
18 0.5649038461538461 0.30649038461538464 0.23076923076923078 0.23798076923076922
18 0.7283653846153846 0.109375 0.21634615384615385 0.21875
18 0.9074519230769231 0.42908653846153844 0.17067307692307693 0.19471153846153846
18 0.8509615384615384 0.5865384615384616 0.17307692307692307 0.19230769230769232
18 0.7764423076923077 0.44471153846153844 0.12980769230769232 0.1346153846153846
18 0.41586538461538464 0.8798076923076923 0.22115384615384615 0.23557692307692307
18 0.19110576923076922 0.8978365384615384 0.17067307692307693 0.19951923076923078
18 0.1778846153846154 0.7331730769230769 0.14903846153846154 0.16826923076923078
18 0.30408653846153844 0.8533653846153846 0.14182692307692307 0.1875
18 0.5528846153846154 0.8305288461538461 0.21153846153846154 0.31490384615384615