25 0.3233173076923077 0.9266826923076923 0.28125 0.11778846153846154
25 0.625 0.8209134615384616 0.1346153846153846 0.14182692307692307
25 0.3918269230769231 0.49399038461538464 0.11538461538461539 0.19951923076923078
25 0.8257211538461539 0.3473557692307692 0.2091346153846154 0.10817307692307693
25 0.6862980769230769 0.46033653846153844 0.11778846153846154 0.18509615384615385
25 0.6358173076923077 0.375 0.11298076923076923 0.11057692307692307
25 0.7355769230769231 0.27283653846153844 0.14423076923076922 0.07451923076923077
25 0.22956730769230768 0.3112980769230769 0.13221153846153846 0.10336538461538461
25 0.3293269230769231 0.3894230769230769 0.15865384615384615 0.25961538461538464
25 0.5480769230769231 0.4567307692307692 0.14423076923076922 0.22596153846153846
25 0.5360576923076923 0.5901442307692307 0.16826923076923078 0.12259615384615384
25 0.38221153846153844 0.7524038461538461 0.2692307692307692 0.21153846153846154
25 0.9074519230769231 0.6887019230769231 0.18028846153846154 0.25721153846153844
25 0.7764423076923077 0.8485576923076923 0.2548076923076923 0.25961538461538464