25 0.7199519230769231 0.5588942307692307 0.19471153846153846 0.0889423076923077
25 0.5961538461538461 0.6586538461538461 0.10576923076923077 0.08653846153846154
25 0.5132211538461539 0.8257211538461539 0.09375 0.11778846153846154
25 0.6418269230769231 0.7307692307692307 0.09615384615384616 0.04807692307692308
25 0.7824519230769231 0.734375 0.13701923076923078 0.06971153846153846
25 0.8617788461538461 0.49038461538461536 0.08413461538461539 0.08173076923076923
25 0.7860576923076923 0.4098557692307692 0.1201923076923077 0.09375
25 0.07932692307692307 0.5408653846153846 0.13942307692307693 0.11057692307692307
25 0.18028846153846154 0.5697115384615384 0.10576923076923077 0.0673076923076923
25 0.38100961538461536 0.6225961538461539 0.15625 0.07692307692307693
25 0.44471153846153844 0.5961538461538461 0.125 0.07692307692307693
25 0.53125 0.5072115384615384 0.14903846153846154 0.0673076923076923