25 0.31490384615384615 0.14302884615384615 0.14903846153846154 0.20432692307692307
25 0.7944711538461539 0.1502403846153846 0.18509615384615385 0.1466346153846154
25 0.4206730769230769 0.7896634615384616 0.17307692307692307 0.2283653846153846
25 0.578125 0.45072115384615385 0.12740384615384615 0.12740384615384615
25 0.07091346153846154 0.5072115384615384 0.13701923076923078 0.16346153846153846
25 0.10096153846153846 0.20192307692307693 0.09615384615384616 0.16826923076923078
25 0.21514423076923078 0.19230769230769232 0.10817307692307693 0.13942307692307693
25 0.5588942307692307 0.23317307692307693 0.2956730769230769 0.20673076923076922
25 0.7764423076923077 0.4795673076923077 0.34134615384615385 0.21394230769230768
25 0.8040865384615384 0.6334134615384616 0.2764423076923077 0.24278846153846154
25 0.43509615384615385 0.5973557692307693 0.33653846153846156 0.23798076923076922
25 0.6875 0.8221153846153846 0.23557692307692307 0.35096153846153844