25 0.7091346153846154 0.9387019230769231 0.0625 0.11778846153846154
25 0.17427884615384615 0.3317307692307692 0.05048076923076923 0.04807692307692308
25 0.27163461538461536 0.5132211538461539 0.04326923076923077 0.12259615384615384
25 0.4026442307692308 0.4266826923076923 0.06490384615384616 0.10817307692307693
25 0.53125 0.49399038461538464 0.038461538461538464 0.04567307692307692
25 0.5625 0.4230769230769231 0.038461538461538464 0.0673076923076923
25 0.5120192307692307 0.6850961538461539 0.009615384615384616 0.08653846153846154
25 0.5372596153846154 0.6598557692307693 0.021634615384615384 0.040865384615384616
25 0.5264423076923077 0.59375 0.028846153846153848 0.04807692307692308
25 0.44350961538461536 0.6346153846153846 0.026442307692307692 0.08653846153846154
25 0.4699519230769231 0.6346153846153846 0.01201923076923077 0.04807692307692308
25 0.49278846153846156 0.6153846153846154 0.014423076923076924 0.04326923076923077
25 0.6875 0.6334134615384616 0.028846153846153848 0.0889423076923077
25 0.7307692307692307 0.609375 0.02403846153846154 0.06490384615384616
25 0.7836538461538461 0.5588942307692307 0.014423076923076924 0.036057692307692304
25 0.8305288461538461 0.5673076923076923 0.021634615384615384 0.10576923076923077
25 0.8737980769230769 0.5444711538461539 0.03125 0.07932692307692307
25 0.5925480769230769 0.7668269230769231 0.036057692307692304 0.08173076923076923