22 0.7584134615384616 0.4495192307692308 0.07932692307692307 0.15384615384615385
22 0.2608173076923077 0.3798076923076923 0.0985576923076923 0.09615384615384616
22 0.3473557692307692 0.7079326923076923 0.06490384615384616 0.14182692307692307
22 0.8497596153846154 0.23317307692307693 0.07932692307692307 0.16346153846153846
22 0.7115384615384616 0.13581730769230768 0.14903846153846154 0.08413461538461539
22 0.41586538461538464 0.16346153846153846 0.12980769230769232 0.08173076923076923
22 0.359375 0.2548076923076923 0.0889423076923077 0.1201923076923077
22 0.6971153846153846 0.6334134615384616 0.057692307692307696 0.12259615384615384
22 0.6310096153846154 0.6586538461538461 0.0889423076923077 0.125
22 0.5829326923076923 0.32211538461538464 0.06971153846153846 0.12980769230769232
22 0.5240384615384616 0.32211538461538464 0.07692307692307693 0.14423076923076922
22 0.6995192307692307 0.3004807692307692 0.1201923076923077 0.1875