25 0.7752403846153846 0.8725961538461539 0.17548076923076922 0.18269230769230768
25 0.6682692307692307 0.3293269230769231 0.0625 0.08173076923076923
25 0.6358173076923077 0.36899038461538464 0.0889423076923077 0.07932692307692307
25 0.6274038461538461 0.1658653846153846 0.3076923076923077 0.14903846153846154
25 0.21634615384615385 0.18629807692307693 0.42788461538461536 0.2091346153846154
25 0.12740384615384615 0.6466346153846154 0.2548076923076923 0.6298076923076923
25 0.27403846153846156 0.5084134615384616 0.1971153846153846 0.23317307692307693
25 0.5072115384615384 0.4387019230769231 0.1201923076923077 0.12259615384615384
25 0.40625 0.4074519230769231 0.11057692307692307 0.16105769230769232
25 0.4963942307692308 0.6670673076923077 0.1466346153846154 0.2283653846153846
25 0.7319711538461539 0.6298076923076923 0.18990384615384615 0.11538461538461539
25 0.8545673076923077 0.7223557692307693 0.2860576923076923 0.1466346153846154
25 0.65625 0.8088942307692307 0.16346153846153846 0.21875