22 0.5432692307692307 0.6189903846153846 0.1971153846153846 0.4110576923076923
22 0.8161057692307693 0.25961538461538464 0.13221153846153846 0.20192307692307693
22 0.8677884615384616 0.5252403846153846 0.1778846153846154 0.23317307692307693
22 0.75 0.6153846153846154 0.17307692307692307 0.28846153846153844
22 0.6778846153846154 0.49399038461538464 0.08173076923076923 0.12740384615384615
22 0.6935096153846154 0.31490384615384615 0.0889423076923077 0.17307692307692307
22 0.5384615384615384 0.19110576923076922 0.27403846153846156 0.34375
22 0.48677884615384615 0.48197115384615385 0.10817307692307693 0.19471153846153846
22 0.38221153846153844 0.49278846153846156 0.14903846153846154 0.23557692307692307
22 0.22115384615384615 0.40625 0.3557692307692308 0.3269230769230769
22 0.39663461538461536 0.2920673076923077 0.14423076923076922 0.14182692307692307