5 0.29927884615384615 0.6478365384615384 0.2668269230769231 0.25240384615384615
5 0.38221153846153844 0.7572115384615384 0.17307692307692307 0.3269230769230769
5 0.5841346153846154 0.6334134615384616 0.28846153846153844 0.25240384615384615
5 0.7043269230769231 0.44711538461538464 0.14423076923076922 0.2403846153846154
5 0.8713942307692307 0.39783653846153844 0.25240384615384615 0.23317307692307693
5 0.6117788461538461 0.38221153846153844 0.2668269230769231 0.22115384615384615
5 0.3942307692307692 0.3942307692307692 0.16826923076923078 0.28846153846153844
5 0.3425480769230769 0.19831730769230768 0.18028846153846154 0.27163461538461536
5 0.14543269230769232 0.06370192307692307 0.24278846153846154 0.12259615384615384
5 0.16947115384615385 0.4831730769230769 0.15625 0.2932692307692308
5 0.07211538461538461 0.7283653846153846 0.14423076923076922 0.1778846153846154
5 0.15625 0.8100961538461539 0.15384615384615385 0.32211538461538464
5 0.8954326923076923 0.24519230769230768 0.13221153846153846 0.22115384615384615
5 0.6370192307692307 0.25240384615384615 0.19230769230769232 0.14903846153846154
5 0.5348557692307693 0.09254807692307693 0.21394230769230768 0.1466346153846154