5 0.7223557692307693 0.3786057692307692 0.09375 0.20432692307692307
5 0.7860576923076923 0.5372596153846154 0.14903846153846154 0.08413461538461539
5 0.8858173076923077 0.5408653846153846 0.13221153846153846 0.18269230769230768
5 0.7079326923076923 0.5432692307692307 0.09375 0.1346153846153846
5 0.5877403846153846 0.7451923076923077 0.16105769230769232 0.13942307692307693
5 0.48197115384615385 0.7487980769230769 0.11298076923076923 0.15144230769230768
5 0.5252403846153846 0.6286057692307693 0.15144230769230768 0.10336538461538461
5 0.31009615384615385 0.6850961538461539 0.11538461538461539 0.18269230769230768
5 0.1935096153846154 0.6153846153846154 0.13701923076923078 0.09134615384615384
5 0.20432692307692307 0.5420673076923077 0.13942307692307693 0.13221153846153846
5 0.28846153846153844 0.5168269230769231 0.07211538461538461 0.15384615384615385
5 0.27283653846153844 0.29927884615384615 0.12259615384615384 0.10336538461538461
5 0.19471153846153846 0.1778846153846154 0.14903846153846154 0.07211538461538461
5 0.29086538461538464 0.0985576923076923 0.0673076923076923 0.15865384615384615
5 0.4699519230769231 0.22355769230769232 0.10817307692307693 0.14423076923076922
5 0.5649038461538461 0.31009615384615385 0.10096153846153846 0.17307692307692307