5 0.29447115384615385 0.17067307692307693 0.14182692307692307 0.22596153846153846
5 0.4266826923076923 0.19110576923076922 0.10817307692307693 0.24759615384615385
5 0.2848557692307692 0.3485576923076923 0.15625 0.1201923076923077
5 0.39663461538461536 0.47596153846153844 0.057692307692307696 0.25
5 0.14423076923076922 0.47475961538461536 0.1778846153846154 0.27163461538461536
5 0.16706730769230768 0.765625 0.10336538461538461 0.35336538461538464
5 0.3473557692307692 0.7391826923076923 0.09375 0.25240384615384615
5 0.45072115384615385 0.65625 0.1658653846153846 0.16346153846153846
5 0.7764423076923077 0.5408653846153846 0.10096153846153846 0.34615384615384615
5 0.9014423076923077 0.6177884615384616 0.15384615384615385 0.17307692307692307
5 0.6478365384615384 0.6177884615384616 0.0985576923076923 0.20192307692307693
5 0.7163461538461539 0.8221153846153846 0.07211538461538461 0.23076923076923078
5 0.8701923076923077 0.8629807692307693 0.21153846153846154 0.24519230769230768
5 0.6298076923076923 0.14182692307692307 0.07692307692307693 0.2548076923076923
5 0.7704326923076923 0.27403846153846156 0.21875 0.16346153846153846