3 0.6105769230769231 0.3641826923076923 0.11538461538461539 0.18990384615384615
3 0.7175480769230769 0.7295673076923077 0.10817307692307693 0.23317307692307693
3 0.43509615384615385 0.7163461538461539 0.11057692307692307 0.1875
3 0.4735576923076923 0.5444711538461539 0.12980769230769232 0.11778846153846154
3 0.4074519230769231 0.3918269230769231 0.0985576923076923 0.14423076923076922
3 0.23918269230769232 0.24879807692307693 0.06971153846153846 0.13701923076923078
3 0.29927884615384615 0.7223557692307693 0.10817307692307693 0.19951923076923078
3 0.5252403846153846 0.35336538461538464 0.07451923076923077 0.15865384615384615
3 0.8725961538461539 0.4014423076923077 0.09615384615384616 0.125
3 0.7848557692307693 0.40865384615384615 0.09375 0.14903846153846154
3 0.9278846153846154 0.6454326923076923 0.09134615384615384 0.15144230769230768
3 0.8942307692307693 0.8112980769230769 0.1201923076923077 0.17548076923076922